V	MHz
0.0	41.73352004
0.004884004884	41.75190598
0.00976800976801	41.76643098
0.014652014652	41.80417269
0.019536019536	41.81846881
0.02442002442	41.85561851
0.029304029304	41.89313135
0.034188034188	41.90718118
0.039072039072	41.94392665
0.043956043956	41.95784604
0.04884004884	41.99477149
0.0537240537241	42.03187939
0.0586080586081	42.04602669
0.0634920634921	42.08245785
0.0683760683761	42.1152865
0.0732600732601	42.13313358
0.0781440781441	42.16933315
0.0830280830281	42.18311738
0.0879120879121	42.22089816
0.0927960927961	42.25381247
0.0976800976801	42.27128231
0.102564102564	42.30816742
0.107448107448	42.32194369
0.112332112332	42.35865338
0.117216117216	42.39095745
0.1221001221	42.40838116
0.126984126984	42.44489134
0.131868131868	42.45854156
0.136752136752	42.49463651
0.141636141636	42.52694587
0.14652014652	42.54419694
0.151404151404	42.57993233
0.156288156288	42.59370582
0.161172161172	42.62841248
0.166056166056	42.66173273
0.17094017094	42.6788246
0.175824175824	42.71499407
0.180708180708	42.72842172
0.185592185592	42.76482347
0.190476190476	42.79744569
0.19536019536	42.81419295
0.200244200244	42.84939985
0.205128205128	42.86303122
0.210012210012	42.89921185
0.214896214896	42.93181144
0.21978021978	42.94808118
0.224664224664	42.98382684
0.229548229548	42.99710565
0.234432234432	43.03268211
0.239316239316	43.06511873
0.2442002442	43.08179214
0.249084249084	43.11805824
0.253968253968	43.13116113
0.258852258852	43.16623366
0.263736263736	43.19903423
0.26862026862	43.21510618
0.273504273504	43.25045928
0.278388278388	43.26318032
0.283272283272	43.29824711
0.288156288156	43.33049726
0.29304029304	43.34663247
0.297924297924	43.38121645
0.302808302808	43.39457113
0.307692307692	43.42905777
0.312576312576	43.46058672
0.31746031746	43.47575589
0.322344322344	43.51065162
0.327228327228	43.52413094
0.332112332112	43.5590103
0.336996336996	43.5908908
0.34188034188	43.60719224
0.346764346764	43.64179794
0.351648351648	43.65497236
0.356532356532	43.68895925
0.361416361416	43.72112266
0.3663003663	43.73704112
0.371184371184	43.77134431
0.376068376068	43.78398529
0.380952380952	43.81856452
0.385836385836	43.84983568
0.39072039072	43.86497462
0.395604395604	43.89977136
0.400488400488	43.91284402
0.405372405372	43.94706858
0.410256410256	43.97923602
0.41514041514	43.99436183
0.420024420024	44.02868871
0.424908424908	44.04137426
0.429792429792	44.07456108
0.434676434676	44.10594102
0.43956043956	44.12126538
0.444444444444	44.15521341
0.449328449328	44.16794162
0.454212454212	44.20114833
0.459096459096	44.23253982
0.46398046398	44.24725459
0.468864468864	44.28029123
0.473748473748	44.29249255
0.478632478632	44.32562594
0.483516483516	44.35713625
0.4884004884	44.37207189
0.493284493284	44.4052599
0.498168498168	44.418191
0.503052503053	44.4512075
0.507936507937	44.48211802
0.512820512821	44.4965736
0.517704517705	44.52960562
0.522588522589	44.54207588
0.527472527473	44.57507008
0.532356532357	44.60586175
0.537240537241	44.61995177
0.542124542125	44.65259951
0.547008547009	44.66506525
0.551892551893	44.69770877
0.556776556777	44.72964725
0.561660561661	44.74365306
0.566544566545	44.7759587
0.571428571429	44.78829001
0.576312576313	44.82129504
0.581196581197	44.8519914
0.586080586081	44.86524649
0.590964590965	44.89723874
0.595848595849	44.90967616
0.600732600733	44.94251043
0.605616605617	44.97307913
0.610500610501	44.9861961
0.615384615385	45.01873518
0.620268620269	45.0305208
0.625152625153	45.06194626
0.630036630037	45.0909952
0.634920634921	45.10466759
0.639804639805	45.13759649
0.644688644689	45.14954897
0.649572649573	45.18150339
0.654456654457	45.21270632
0.659340659341	45.22594408
0.664224664225	45.25734292
0.669108669109	45.26921533
0.673992673993	45.30108056
0.678876678877	45.33228169
0.683760683761	45.34501762
0.688644688645	45.37618625
0.693528693529	45.38866402
0.698412698413	45.4201815
0.703296703297	45.45066903
0.708180708181	45.46363998
0.713064713065	45.49570306
0.717948717949	45.50738654
0.722832722833	45.5392731
0.727716727717	45.57004059
0.732600732601	45.58232061
0.737484737485	45.61381139
0.742368742369	45.62542921
0.747252747253	45.65626313
0.752136752137	45.68725403
0.757020757021	45.69950129
0.761904761905	45.73050634
0.766788766789	45.74231766
0.771672771673	45.77314028
0.776556776557	45.80377358
0.781440781441	45.81554147
0.786324786325	45.84546238
0.791208791209	45.85700046
0.796092796093	45.8885981
0.800976800977	45.91956255
0.805860805861	45.93149468
0.810744810745	45.96226297
0.815628815629	45.97382266
0.820512820513	46.00456727
0.825396825397	46.03485967
0.830280830281	46.04693352
0.835164835165	46.07751732
0.840048840049	46.08902243
0.844932844933	46.11954526
0.849816849817	46.15000201
0.854700854701	46.1613733
0.859584859585	46.19151454
0.864468864469	46.20325724
0.869352869353	46.23417514
0.874236874237	46.26478384
0.879120879121	46.27636961
0.884004884005	46.3064614
0.888888888889	46.31833173
0.893772893773	46.34832821
0.898656898657	46.37876471
0.903540903541	46.38977812
0.908424908425	46.420275
0.913308913309	46.43162735
0.918192918193	46.4613745
0.923076923077	46.49151453
0.927960927961	46.50275887
0.932844932845	46.53228469
0.937728937729	46.54354827
0.942612942613	46.57250545
0.947496947497	46.6024283
0.952380952381	46.61378125
0.957264957265	46.64393759
0.962148962149	46.67086321
0.967032967033	46.68571728
0.971916971917	46.71512301
0.976800976801	46.72627301
0.981684981685	46.75585635
0.986568986569	46.78290537
0.991452991453	46.79710418
0.996336996337	46.82671915
1.00122100122	46.83792479
1.00610500611	46.8674744
1.01098901099	46.89398323
1.01587301587	46.90786278
1.02075702076	46.93786217
1.02564102564	46.94943483
1.03052503053	46.97905191
1.03540903541	47.00576543
1.04029304029	47.01970475
1.04517704518	47.04920481
1.05006105006	47.06002866
1.05494505495	47.08933679
1.05982905983	47.11555429
1.06471306471	47.12926012
1.0695970696	47.1581639
1.07448107448	47.16960195
1.07936507937	47.19861521
1.08424908425	47.22519786
1.08913308913	47.23760748
1.09401709402	47.26588602
1.0989010989	47.27696555
1.10378510379	47.30565927
1.10866910867	47.33335936
1.11355311355	47.34591347
1.11843711844	47.37464883
1.12332112332	47.38545535
1.12820512821	47.41457529
1.13308913309	47.44196739
1.13797313797	47.45383238
1.14285714286	47.48294987
1.14774114774	47.49382663
1.15262515263	47.52247189
1.15750915751	47.54999082
1.16239316239	47.56195564
1.16727716728	47.59045824
1.17216117216	47.60134104
1.17704517705	47.63007349
1.18192918193	47.65842477
1.18681318681	47.67034716
1.1916971917	47.69885265
1.19658119658	47.70950751
1.20146520147	47.73833651
1.20634920635	47.76598331
1.21123321123	47.77727906
1.21611721612	47.80557062
1.221001221	47.81649418
1.22588522589	47.84481912
1.23076923077	47.87277776
1.23565323565	47.88404023
1.24053724054	47.9121837
1.24542124542	47.92281723
1.25030525031	47.95091816
1.25518925519	47.97902423
1.26007326007	47.99025611
1.26495726496	48.01938724
1.26984126984	48.03036071
1.27472527473	48.05877535
1.27960927961	48.08756507
1.28449328449	48.09844569
1.28937728938	48.12697684
1.29426129426	48.13756042
1.29914529915	48.16585161
1.30402930403	48.19450865
1.30891330891	48.20542674
1.3137973138	48.23342048
1.31868131868	48.24411881
1.32356532357	48.27257097
1.32844932845	48.30058265
1.33333333333	48.3112967
1.33821733822	48.34080112
1.3431013431	48.35133507
1.34798534799	48.37972651
1.35286935287	48.40801788
1.35775335775	48.41901699
1.36263736264	48.44716769
1.36752136752	48.45806375
1.37240537241	48.48594045
1.37728937729	48.51435631
1.38217338217	48.52497035
1.38705738706	48.5530885
1.39194139194	48.578532
1.39682539683	48.59199864
1.40170940171	48.61994019
1.40659340659	48.6309398
1.41147741148	48.65829466
1.41636141636	48.68434312
1.42124542125	48.69797142
1.42612942613	48.72658215
1.43101343101	48.73746443
1.4358974359	48.76600194
1.44078144078	48.79162677
1.44566544567	48.80514246
1.45054945055	48.83317267
1.45543345543	48.84429235
1.46031746032	48.87291513
1.4652014652	48.89867284
1.47008547009	48.91204234
1.47496947497	48.94057066
1.47985347985	48.95107479
1.48473748474	48.97940198
1.48962148962	49.00569828
1.49450549451	49.01912086
1.49938949939	49.04780421
1.50427350427	49.05903967
1.50915750916	49.08748528
1.51404151404	49.11395479
1.51892551893	49.12703907
1.52380952381	49.15536983
1.52869352869	49.16600103
1.53357753358	49.19454002
1.53846153846	49.2207565
1.54334554335	49.23384988
1.54822954823	49.26200851
1.55311355311	49.27293323
1.557997558	49.30114631
1.56288156288	49.326993
1.56776556777	49.3392835
1.57264957265	49.36795298
1.57753357753	49.37899332
1.58241758242	49.40758815
1.5873015873	49.43394372
1.59218559219	49.44724781
1.59706959707	49.47569024
1.60195360195	49.48669194
1.60683760684	49.51471953
1.61172161172	49.54148524
1.61660561661	49.55455486
1.62148962149	49.5829461
1.62637362637	49.59363228
1.63125763126	49.62264131
1.63614163614	49.64862731
1.64102564103	49.66111387
1.64590964591	49.69036195
1.65079365079	49.70122904
1.65567765568	49.72995906
1.66056166056	49.75700008
1.66544566545	49.76961337
1.67032967033	49.79808305
1.67521367521	49.80888184
1.6800976801	49.83753362
1.68498168498	49.86392018
1.68986568987	49.87634891
1.69474969475	49.90518669
1.69963369963	49.91602905
1.70451770452	49.94437321
1.7094017094	49.97159737
1.71428571429	49.98378091
1.71916971917	50.01187865
1.72405372405	50.02244894
1.72893772894	50.05080835
1.73382173382	50.0783528
1.73870573871	50.09081107
1.74358974359	50.11939274
1.74847374847	50.13058487
1.75335775336	50.15917706
1.75824175824	50.18638953
1.76312576313	50.198598
1.76800976801	50.22739825
1.77289377289	50.23847722
1.77777777778	50.26707779
1.78266178266	50.29411252
1.78754578755	50.30661184
1.79242979243	50.33516793
1.79731379731	50.34590873
1.8021978022	50.37489318
1.80708180708	50.40287264
1.81196581197	50.41545319
1.81684981685	50.44440264
1.82173382173	50.45514567
1.82661782662	50.48424885
1.8315018315	50.51294196
1.83638583639	50.52525042
1.84126984127	50.5549198
1.84615384615	50.56715686
1.85103785104	50.59809696
1.85592185592	50.62980055
1.86080586081	50.64377842
1.86568986569	50.67656484
1.87057387057	50.69021075
1.87545787546	50.72310149
1.88034188034	50.75245185
1.88522588523	50.76803225
1.89010989011	50.80401417
1.89499389499	50.8175236
1.89987789988	50.85152074
1.90476190476	50.88586917
1.90964590965	50.89856795
1.91452991453	50.93136557
1.91941391941	50.94392377
1.9242979243	50.97729967
1.92918192918	51.00571383
1.93406593407	51.01702303
1.93894993895	51.04023741
1.94383394383	51.04981452
1.94871794872	51.07762467
1.9536019536	51.10420508
1.95848595849	51.11599399
1.96336996337	51.14618432
1.96825396825	51.15575683
1.97313797314	51.17955082
1.97802197802	51.20283753
1.98290598291	51.21239829
1.98778998779	51.2375138
1.99267399267	51.24684725
1.99755799756	51.27317582
2.00244200244	51.30068699
2.00732600733	51.31149351
2.01221001221	51.34047392
2.01709401709	51.3513339
2.02197802198	51.38131936
2.02686202686	51.41137973
2.03174603175	51.42309894
2.03663003663	51.45288055
2.04151404151	51.46453991
2.0463980464	51.49617715
2.05128205128	51.52740829
2.05616605617	51.53900156
2.06105006105	51.5706041
2.06593406593	51.58234545
2.07081807082	51.61324801
2.0757020757	51.64412939
2.08058608059	51.65611285
2.08547008547	51.68711041
2.09035409035	51.6993596
2.09523809524	51.73027339
2.10012210012	51.76107922
2.10500610501	51.77322297
2.10989010989	51.80391796
2.11477411477	51.81605314
2.11965811966	51.8476445
2.12454212454	51.87884244
2.12942612943	51.89039691
2.13431013431	51.92167751
2.13919413919	51.94958143
2.14407814408	51.96432822
2.14896214896	51.99468426
2.15384615385	52.00656913
2.15873015873	52.03716495
2.16361416361	52.06519715
2.1684981685	52.07989015
2.17338217338	52.11031131
2.17826617827	52.12208552
2.18315018315	52.15233309
2.18803418803	52.17955232
2.19291819292	52.19324506
2.1978021978	52.22360877
2.20268620269	52.23504887
2.20757020757	52.26526762
2.21245421245	52.29337086
2.21733821734	52.30755163
2.22222222222	52.3379194
2.22710622711	52.34916463
2.23199023199	52.3787848
2.23687423687	52.40704235
2.24175824176	52.42103645
2.24664224664	52.45101351
2.25152625153	52.4622733
2.25641025641	52.49208926
2.26129426129	52.51934479
2.26617826618	52.53293375
2.27106227106	52.56317455
2.27594627595	52.57484388
2.28083028083	52.60474601
2.28571428571	52.63224868
2.2905982906	52.64584874
2.29548229548	52.67548796
2.30036630037	52.68688583
2.30525030525	52.71607333
2.31013431013	52.74308961
2.31501831502	52.75635207
2.3199023199	52.78610512
2.32478632479	52.79725747
2.32967032967	52.82656466
2.33455433455	52.854032
2.33943833944	52.86690372
2.34432234432	52.89597614
2.34920634921	52.9067859
2.35409035409	52.93582833
2.35897435897	52.96353598
2.36385836386	52.97662014
2.36874236874	53.00585693
2.37362637363	53.01717928
2.37851037851	53.04624411
2.38339438339	53.07351191
2.38827838828	53.08629893
2.39316239316	53.11542147
2.39804639805	53.12669265
2.40293040293	53.15551838
2.40781440781	53.18251981
2.4126984127	53.19552907
2.41758241758	53.2240985
2.42246642247	53.23469602
2.42735042735	53.26423578
2.43223443223	53.29174856
2.43711843712	53.30429544
2.442002442	53.33349224
2.44688644689	53.34405168
2.45177045177	53.37310452
2.45665445665	53.39994079
2.46153846154	53.4122101
2.46642246642	53.44079604
2.47130647131	53.4516211
2.47619047619	53.48034308
2.48107448107	53.50726323
2.48595848596	53.51948638
2.49084249084	53.54756017
2.49572649573	53.55866862
2.50061050061	53.58674144
2.50549450549	53.61191003
2.51037851038	53.62460878
2.51526251526	53.653481
2.52014652015	53.66411985
2.52503052503	53.69291262
2.52991452991	53.72021059
2.5347985348	53.73194816
2.53968253968	53.75987948
2.54456654457	53.77078532
2.54945054945	53.79909398
2.55433455433	53.82649567
2.55921855922	53.83822326
2.5641025641	53.86601645
2.56898656899	53.87656987
2.57387057387	53.90475664
2.57875457875	53.93165738
2.58363858364	53.94314136
2.58852258852	53.97189272
2.59340659341	53.98259395
2.59829059829	54.01067971
2.60317460317	54.03794457
2.60805860806	54.04926615
2.61294261294	54.0770485
2.61782661783	54.08769846
2.62271062271	54.11494724
2.62759462759	54.14264052
2.63247863248	54.15374785
2.63736263736	54.18136156
2.64224664225	54.19161044
2.64713064713	54.2194556
2.65201465201	54.24652925
2.6568986569	54.25701103
2.66178266178	54.28400483
2.66666666667	54.29453597
2.67155067155	54.32283173
2.67643467643	54.35047843
2.68131868132	54.36102159
2.6862026862	54.38905227
2.69108669109	54.39949563
2.69597069597	54.42683534
2.70085470085	54.45406714
2.70573870574	54.46482226
2.71062271062	54.49297037
2.71550671551	54.50322491
2.72039072039	54.53041817
2.72527472527	54.55797944
2.73015873016	54.568417
2.73504273504	54.59550249
2.73992673993	54.60620699
2.74481074481	54.63418248
2.74969474969	54.66174523
2.75457875458	54.67237735
2.75946275946	54.6995678
2.76434676435	54.70982275
2.76923076923	54.73700227
2.77411477411	54.76401634
2.778998779	54.77438795
2.78388278388	54.80158687
2.78876678877	54.81222792
2.79365079365	54.83912104
2.79853479853	54.86595323
2.80341880342	54.87659008
2.8083028083	54.90351257
2.81318681319	54.91371707
2.81807081807	54.93966668
2.82295482295	54.96695432
2.82783882784	54.97745064
2.83272283272	55.00471001
2.83760683761	55.01517472
2.84249084249	55.04241993
2.84737484737	55.06932264
2.85225885226	55.07979735
2.85714285714	55.10637182
2.86202686203	55.13089552
2.86691086691	55.14367952
2.87179487179	55.17107083
2.87667887668	55.18102028
2.88156288156	55.20780368
2.88644688645	55.23202098
2.89133089133	55.24476589
2.89621489621	55.27165331
2.9010989011	55.28243388
2.90598290598	55.30967926
2.91086691087	55.3340014
2.91575091575	55.34677798
2.92063492063	55.37342182
2.92551892552	55.38393496
2.9304029304	55.41055831
2.93528693529	55.43428579
2.94017094017	55.44732923
2.94505494505	55.47382586
2.94993894994	55.48438729
2.95482295482	55.51074656
2.95970695971	55.53495675
2.96459096459	55.54743823
2.96947496947	55.57362623
2.97435897436	55.58308946
2.97924297924	55.60991146
2.98412698413	55.63439371
2.98901098901	55.64681826
2.99389499389	55.6734497
2.99877899878	55.68356603
3.00366300366	55.71028088
3.00854700855	55.7344161
3.01343101343	55.74644321
3.01831501832	55.77321421
3.0231990232	55.7832665
3.02808302808	55.80964066
3.03296703297	55.83368457
3.03785103785	55.84596705
3.04273504274	55.87211271
3.04761904762	55.88178355
3.0525030525	55.90847828
3.05738705739	55.93351781
3.06227106227	55.9456273
3.06715506716	55.97183971
3.07203907204	55.98179888
3.07692307692	56.00825984
3.08180708181	56.0327194
3.08669108669	56.04428203
3.09157509158	56.07030988
3.09645909646	56.08048074
3.10134310134	56.10681302
3.10622710623	56.13138565
3.11111111111	56.14297622
3.115995116	56.16904339
3.12087912088	56.17914443
3.12576312576	56.20492819
3.13064713065	56.22807246
3.13553113553	56.24011167
3.14041514042	56.26669399
3.1452991453	56.27659483
3.15018315018	56.30309482
3.15506715507	56.32822447
3.15995115995	56.33954782
3.16483516484	56.36586899
3.16971916972	56.37574666
3.1746031746	56.40218251
3.17948717949	56.42721256
3.18437118437	56.43851873
3.18925518926	56.46460362
3.19413919414	56.4743859
3.19902319902	56.50075122
3.20390720391	56.52555299
3.20879120879	56.53720477
3.21367521368	56.56387655
3.21855921856	56.5737805
3.22344322344	56.60027122
3.22832722833	56.62528731
3.23321123321	56.63631738
3.2380952381	56.66272885
3.24297924298	56.67254052
3.24786324786	56.69842444
3.25274725275	56.72377057
3.25763125763	56.73470454
3.26251526252	56.76046964
3.2673992674	56.77062677
3.27228327228	56.79663519
3.27716727717	56.82146232
3.28205128205	56.83219341
3.28693528694	56.85737417
3.29181929182	56.86740008
3.2967032967	56.8936365
3.30158730159	56.91885731
3.30647130647	56.92962139
3.31135531136	56.95558986
3.31623931624	56.96531493
3.32112332112	56.99086408
3.32600732601	57.0163153
3.33089133089	57.02702923
3.33577533578	57.05370421
3.34065934066	57.06418278
3.34554334554	57.09245087
3.35042735043	57.12389049
3.35531135531	57.13842925
3.3601953602	57.18020847
3.36507936508	57.20109447
3.36996336996	57.26960801
3.37484737485	57.36053107
3.37973137973	57.4158056
3.38461538462	57.57383655
3.3894993895	57.64997729
3.39438339438	57.90977538
3.39926739927	58.25644949
3.40415140415	58.42908369
3.40903540904	58.95191254
3.41391941392	59.18874909
3.4188034188	60.0139169
3.42368742369	60.90943611
3.42857142857	61.29938911
3.43345543346	62.3887933
3.43833943834	62.82311626
3.44322344322	64.09377661
3.44810744811	65.48130411
3.45299145299	66.07844157
3.45787545788	67.51619199
3.46275946276	68.081499
3.46764346764	69.42222339
3.47252747253	70.55624819
3.47741147741	70.88172225
3.4822954823	71.61000015
3.48717948718	71.75871602
3.49206349206	71.95412987
3.49694749695	71.76817685
3.50183150183	71.56068782
3.50671550672	70.8651279
3.5115995116	70.52952322
3.51648351648	69.48138595
3.52136752137	68.23992101
3.52625152625	67.73825147
3.53113553114	66.42559464
3.53601953602	65.933966
3.5409035409	64.67822154
3.54578754579	63.44876656
3.55067155067	63.03391838
3.55555555556	61.99268016
3.56043956044	61.64224438
3.56532356532	60.82454962
3.57020757021	60.13507718
3.57509157509	59.90512773
3.57997557998	59.41805775
3.58485958486	59.30455873
3.58974358974	59.01004848
3.59462759463	58.77100939
3.59951159951	58.70363447
3.6043956044	58.5677767
3.60927960928	58.48571389
3.61416361416	58.45482541
3.61904761905	58.40029437
3.62393162393	58.38533477
3.62881562882	58.36395737
3.6336996337	58.32532851
3.63858363858	58.319617
3.64346764347	58.32368364
3.64835164835	58.32767717
3.65323565324	58.34166661
3.65811965812	58.35897202
3.663003663	58.36861609
3.66788766789	58.38945372
3.67277167277	58.39705402
3.67765567766	58.41965258
3.68253968254	58.44057983
3.68742368742	58.45171233
3.69230769231	58.47491952
3.69719169719	58.49245919
3.70207570208	58.53952217
3.70695970696	58.53258509
3.71184371184	58.54114285
3.71672771673	58.56537464
3.72161172161	58.57506588
3.7264957265	58.59965171
3.73137973138	58.62232307
3.73626373626	58.63427298
3.74114774115	58.65922617
3.74603174603	58.66840577
3.75091575092	58.69336978
3.7557997558	58.71607131
3.76068376068	58.72840805
3.76556776557	58.7542203
3.77045177045	58.76373487
3.77533577534	58.78931433
3.78021978022	58.81273462
3.7851037851	58.82430306
3.78998778999	58.84988831
3.79487179487	58.85934926
3.79975579976	58.88451605
3.80463980464	58.90827857
3.80952380952	58.91989206
3.81440781441	58.94525715
3.81929181929	58.9549
3.82417582418	58.98024384
3.82905982906	59.0032708
3.83394383394	59.0151146
3.83882783883	59.04104474
3.84371184371	59.05060208
3.8485958486	59.07629814
3.85347985348	59.09967234
3.85836385836	59.11155954
3.86324786325	59.13680875
3.86813186813	59.14614795
3.87301587302	59.17126307
3.8778998779	59.19515536
3.88278388278	59.20668573
3.88766788767	59.23186078
3.89255189255	59.24132294
3.89743589744	59.26646662
3.90231990232	59.29007566
3.9072039072	59.30113121
3.91208791209	59.325699
3.91697191697	59.33559333
3.92185592186	59.36509447
3.92673992674	59.38637795
3.93162393162	59.39722116
3.93650793651	59.42322642
3.94139194139	59.43275159
3.94627594628	59.45807644
3.95115995116	59.48045173
3.95604395604	59.49194081
3.96092796093	59.51740662
3.96581196581	59.52739589
3.9706959707	59.55218337
3.97557997558	59.57607152
3.98046398046	59.58679517
3.98534798535	59.61184706
3.99023199023	59.62160769
3.99511599512	59.64779839
4.0	59.67183066
4.00488400488	59.68262954
4.00976800977	59.70801043
4.01465201465	59.71766068
4.01953601954	59.74331484
4.02442002442	59.76690709
4.0293040293	59.77753545
4.03418803419	59.80329103
4.03907203907	59.81280668
4.04395604396	59.83781543
4.04884004884	59.86188793
4.05372405372	59.87269154
4.05860805861	59.89758041
4.06349206349	59.90740338
4.06837606838	59.93136089
4.07326007326	59.95608688
4.07814407814	59.96710997
4.08302808303	59.99241145
4.08791208791	60.00208737
4.0927960928	60.02755892
4.09768009768	60.05215006
4.10256410256	60.06265466
4.10744810745	60.08815863
4.11233211233	60.09766764
4.11721611722	60.12323671
4.1221001221	60.14770201
4.12698412698	60.15820847
4.13186813187	60.18360162
4.13675213675	60.19319969
4.14163614164	60.21818858
4.14652014652	60.24306968
4.1514041514	60.25386743
4.15628815629	60.27937791
4.16117216117	60.28922424
4.16605616606	60.3143711
4.17094017094	60.33915958
4.17582417582	60.34955945
4.18070818071	60.37451678
4.18559218559	60.38384836
4.19047619048	60.40932544
4.19536019536	60.43396134
4.20024420024	60.44406682
4.20512820513	60.46921487
4.21001221001	60.47882689
4.2148962149	60.50404981
4.21978021978	60.52829332
4.22466422466	60.53785402
4.22954822955	60.56333624
4.23443223443	60.57307883
4.23931623932	60.59822753
4.2442002442	60.62318658
4.24908424908	60.63341487
4.25396825397	60.65878194
4.25885225885	60.66827894
4.26373626374	60.69360289
4.26862026862	60.71821923
4.2735042735	60.72833895
4.27838827839	60.75364086
4.28327228327	60.7631749
4.28815628816	60.78853714
4.29304029304	60.81289088
4.29792429792	60.82284967
4.30280830281	60.84856423
4.30769230769	60.85835255
4.31257631258	60.88399904
4.31746031746	60.90875467
4.32234432234	60.91880356
4.32722832723	60.94431108
4.33211233211	60.95382903
4.336996337	60.97882978
4.34188034188	61.00315882
4.34676434676	61.01344152
4.35164835165	61.03882586
4.35653235653	61.04845166
4.36141636142	61.07381441
4.3663003663	61.09806925
4.37118437118	61.10800292
4.37606837607	61.13291918
4.38095238095	61.1420759
4.38583638584	61.16693623
4.39072039072	61.19179497
4.3956043956	61.20185943
4.40048840049	61.2275861
4.40537240537	61.23686995
4.41025641026	61.26261622
4.41514041514	61.28691522
4.42002442002	61.29683124
4.42490842491	61.32262635
4.42979242979	61.33212451
4.43467643468	61.35718929
4.43956043956	61.38198505
4.44444444444	61.39207974
4.44932844933	61.4175734
4.45421245421	61.42686703
4.4590964591	61.45214593
4.46398046398	61.47765528
4.46886446886	61.48776548
4.47374847375	61.51349518
4.47863247863	61.5229285
4.48351648352	61.54813368
4.4884004884	61.57298675
4.49328449328	61.58302627
4.49816849817	61.60850649
4.50305250305	61.61792688
4.50793650794	61.64317304
4.51282051282	61.66819938
4.5177045177	61.67819259
4.52258852259	61.70339441
4.52747252747	61.71281971
4.53235653236	61.73827986
4.53724053724	61.76228474
4.54212454212	61.77217643
4.54700854701	61.79798832
4.55189255189	61.80764472
4.55677655678	61.83349601
4.56166056166	61.85863706
4.56654456654	61.8683368
4.57142857143	61.89367487
4.57631257631	61.90318579
4.5811965812	61.9284616
4.58608058608	61.95394255
4.59096459096	61.96364372
4.59584859585	61.98921288
4.60073260073	61.9986462
4.60561660562	62.02375563
4.6105006105	62.04879202
4.61538461538	62.05873974
4.62026862027	62.08482003
4.62515262515	62.0946028
4.63003663004	62.11984812
4.63492063492	62.14506083
4.6398046398	62.15486455
4.64468864469	62.18019828
4.64957264957	62.18982371
4.65445665446	62.21485411
4.65934065934	62.24020113
4.66422466422	62.24991238
4.66910866911	62.2750836
4.67399267399	62.28485594
4.67887667888	62.30998355
4.68376068376	62.33490835
4.68864468864	62.34452176
4.69352869353	62.36878159
4.69841269841	62.37812811
4.7032967033	62.40404844
4.70818070818	62.42955539
4.71306471306	62.43934593
4.71794871795	62.46464537
4.72283272283	62.47417503
4.72771672772	62.49930639
4.7326007326	62.52453151
4.73748473748	62.53416432
4.74236874237	62.55978831
4.74725274725	62.56941139
4.75213675214	62.59441324
4.75702075702	62.61991221
4.7619047619	62.62942286
4.76678876679	62.6548769
4.77167277167	62.66436616
4.77655677656	62.69009719
4.78144078144	62.71601815
4.78632478632	62.72539567
4.79120879121	62.7505315
4.79609279609	62.76028185
4.80097680098	62.78542888
4.80586080586	62.81045566
4.81074481074	62.82027949
4.81562881563	62.84546968
4.82051282051	62.86819753
4.8253968254	62.88057409
4.83028083028	62.9054839
4.83516483516	62.91496923
4.84004884005	62.94029613
4.84493284493	62.96277889
4.84981684982	62.97429794
4.8547008547	63.00013432
4.85958485958	63.00947081
4.86446886447	63.03519014
4.86935286935	63.05798277
4.87423687424	63.06988972
4.87912087912	63.09567716
4.884004884	63.10510584
4.88888888889	63.13001728
4.89377289377	63.15332921
4.89865689866	63.16527896
4.90354090354	63.19057982
4.90842490842	63.19998939
4.91330891331	63.2255428
4.91819291819	63.24851733
4.92307692308	63.26012657
4.92796092796	63.28602129
4.93284493284	63.29583385
4.93772893773	63.32146926
4.94261294261	63.34479557
4.9474969475	63.35648335
4.95238095238	63.38241613
4.95726495726	63.39168494
4.96214896215	63.41677538
4.96703296703	63.43999751
4.97191697192	63.45174319
4.9768009768	63.47717885
4.98168498168	63.48658835
4.98656898657	63.51203402
4.99145299145	63.53558796
4.99633699634	63.54667505
5.00122100122	63.572228
5.0061050061	63.58208934
5.01098901099	63.60853543
5.01587301587	63.6326497
5.02075702076	63.64424429
5.02564102564	63.66986416
5.03052503053	63.67965659
5.03540903541	63.70522868
5.04029304029	63.7291638
5.04517704518	63.74040885
5.05006105006	63.76611737
5.05494505495	63.77563671
5.05982905983	63.80136944
5.06471306471	63.825247
5.0695970696	63.83638911
5.07448107448	63.86190512
5.07936507937	63.87155477
5.08424908425	63.89721184
5.08913308913	63.9220069
5.09401709402	63.93307859
5.0989010989	63.95871351
5.10378510379	63.96832513
5.10866910867	63.99422066
5.11355311355	64.01857958
5.11843711844	64.02957425
5.12332112332	64.05458977
5.12820512821	64.06419695
5.13308913309	64.0902013
5.13797313797	64.11470196
5.14285714286	64.12511831
5.14774114774	64.15084711
5.15262515263	64.1604532
5.15750915751	64.18577114
5.16239316239	64.20948276
5.16727716728	64.22039674
5.17216117216	64.24654343
5.17704517705	64.25630894
5.18192918193	64.28187948
5.18681318681	64.30693398
5.1916971917	64.31747871
5.19658119658	64.34281535
5.20146520147	64.35223894
5.20634920635	64.37811822
5.21123321123	64.4031761
5.21611721612	64.41387074
5.221001221	64.43904708
5.22588522589	64.4487061
5.23076923077	64.47454111
5.23565323565	64.49893271
5.24053724054	64.50936702
5.24542124542	64.53555347
5.25030525031	64.54538064
5.25518925519	64.57140515
5.26007326007	64.59609155
5.26495726496	64.60633547
5.26984126984	64.63170452
5.27472527473	64.64129207
5.27960927961	64.66648253
5.28449328449	64.69214975
5.28937728938	64.70232516
5.29426129426	64.72753912
5.29914529915	64.7371514
5.30402930403	64.76252224
5.30891330891	64.78785391
5.3137973138	64.79747271
5.31868131868	64.82241087
5.32356532357	64.83189972
5.32844932845	64.85785321
5.33333333333	64.88372541
5.33821733822	64.89346
5.3431013431	64.91975838
5.34798534799	64.92929384
5.35286935287	64.9546184
5.35775335775	64.98002886
5.36263736264	64.99000585
5.36752136752	65.01585051
5.37240537241	65.02547368
5.37728937729	65.051101
5.38217338217	65.07689887
5.38705738706	65.08675668
5.39194139194	65.11182472
5.39682539683	65.12171883
5.40170940171	65.14792029
5.40659340659	65.17388162
5.41147741148	65.18367576
5.41636141636	65.209539
5.42124542125	65.2193047
5.42612942613	65.24504558
5.43101343101	65.27042217
5.4358974359	65.28016686
5.44078144078	65.30568522
5.44566544567	65.32891073
5.45054945055	65.34136534
5.45543345543	65.36688396
5.46031746032	65.37646138
5.4652014652	65.40221938
5.47008547009	65.4248577
5.47496947497	65.43659801
5.47985347985	65.46273941
5.48473748474	65.47254445
5.48962148962	65.4986371
5.49450549451	65.52165019
5.49938949939	65.53430129
5.50427350427	65.55995684
5.50915750916	65.56966942
5.51404151404	65.5951403
5.51892551893	65.61875503
5.52380952381	65.63102975
5.52869352869	65.65670732
5.53357753358	65.66626382
5.53846153846	65.6920773
5.54334554335	65.71553594
5.54822954823	65.72729182
5.55311355311	65.75343776
5.557997558	65.7634492
5.56288156288	65.78953893
5.56776556777	65.81353709
5.57264957265	65.82519629
5.57753357753	65.85113315
5.58241758242	65.86068027
5.5873015873	65.88625842
5.59218559219	65.90998849
5.59706959707	65.92173575
5.60195360195	65.94739686
5.60683760684	65.95705998
5.61172161172	65.98282084
5.61660561661	66.0072894
5.62148962149	66.01817468
5.62637362637	66.0436419
5.63125763126	66.05283633
5.63614163614	66.0781895
5.64102564103	66.10313335
5.64590964591	66.11428456
5.65079365079	66.14061129
5.65567765568	66.15036875
5.66056166056	66.17617149
5.66544566545	66.20090002
5.67032967033	66.21171249
5.67521367521	66.23771874
5.6800976801	66.24805368
5.68498168498	66.27376092
5.68986568987	66.29845881
5.69474969475	66.30952051
5.69963369963	66.33517751
5.70451770452	66.34485946
5.7094017094	66.37106109
5.71428571429	66.39648077
5.71916971917	66.40725496
5.72405372405	66.43337099
5.72893772894	66.44315217
5.73382173382	66.46921824
5.73870573871	66.49417875
5.74358974359	66.50485245
5.74847374847	66.53036099
5.75335775336	66.54014033
5.75824175824	66.56641599
5.76312576313	66.59156618
5.76800976801	66.60188868
5.77289377289	66.62790531
5.77777777778	66.63758207
5.78266178266	66.66318205
5.78754578755	66.68786662
5.79242979243	66.69854624
5.79731379731	66.72474055
5.8021978022	66.73479493
5.80708180708	66.76066975
5.81196581197	66.78656211
5.81684981685	66.79681755
5.82173382173	66.82259716
5.82661782662	66.83250638
5.8315018315	66.85842203
5.83638583639	66.88395343
5.84126984127	66.89402503
5.84615384615	66.92012335
5.85103785104	66.92992216
5.85592185592	66.95580858
5.86080586081	66.98124308
5.86568986569	66.99161511
5.87057387057	67.01807353
5.87545787546	67.02819829
5.88034188034	67.05419289
5.88522588523	67.07990251
5.89010989011	67.09007666
5.89499389499	67.11566128
5.89987789988	67.12590377
5.90476190476	67.15147789
5.90964590965	67.17752533
5.91452991453	67.18760115
5.91941391941	67.21333513
5.9242979243	67.22289644
5.92918192918	67.24899313
5.93406593407	67.27467526
5.93894993895	67.28436979
5.94383394383	67.30943961
5.94871794872	67.31925525
5.9536019536	67.34560771
5.95848595849	67.37192459
5.96336996337	67.38180607
5.96825396825	67.40804846
5.97313797314	67.41800991
5.97802197802	67.44378514
5.98290598291	67.46980064
5.98778998779	67.47989129
5.99267399267	67.50589355
5.99755799756	67.51609222
6.00244200244	67.54189263
6.00732600733	67.56795306
6.01221001221	67.57801195
6.01709401709	67.60365197
6.02197802198	67.62751578
6.02686202686	67.64045824
6.03174603175	67.66663056
6.03663003663	67.6764745
6.04151404151	67.70271845
6.0463980464	67.72635241
6.05128205128	67.73867461
6.05616605617	67.7646688
6.06105006105	67.7745261
6.06593406593	67.80090778
6.07081807082	67.82442223
6.0757020757	67.83671646
6.08058608059	67.86308248
6.08547008547	67.87278535
6.09035409035	67.89869305
6.09523809524	67.92217471
6.10012210012	67.93393703
6.10500610501	67.96024831
6.10989010989	67.97006529
6.11477411477	67.9964895
6.11965811966	68.02032799
6.12454212454	68.03260355
6.12942612943	68.05894514
6.13431013431	68.06883406
6.13919413919	68.09509131
6.14407814408	68.11899419
6.14896214896	68.13102599
6.15384615385	68.15743115
6.15873015873	68.16738038
6.16361416361	68.19329157
6.1684981685	68.21738791
6.17338217338	68.22930415
6.17826617827	68.25585398
6.18315018315	68.26629994
6.18803418803	68.29253286
6.19291819292	68.31681815
6.1978021978	68.32877874
6.20268620269	68.35492416
6.20757020757	68.36505112
6.21245421245	68.39098845
6.21733821734	68.41496812
6.22222222222	68.42716084
6.22710622711	68.45320528
6.23199023199	68.4631313
6.23687423687	68.48931317
6.24175824176	68.51362922
6.24664224664	68.52556142
6.25152625153	68.55124816
6.25641025641	68.56106049
6.26129426129	68.58786049
6.26617826618	68.61290192
6.27106227106	68.62471005
6.27594627595	68.65105944
6.28083028083	68.66124665
6.28571428571	68.68766479
6.2905982906	68.71235316
6.29548229548	68.72391269
6.30036630037	68.7504971
6.30525030525	68.7605988
6.31013431013	68.78678369
6.31501831502	68.81148329
6.3199023199	68.82326576
6.32478632479	68.84944769
6.32967032967	68.85915723
6.33455433455	68.88576973
6.33943833944	68.91129829
6.34432234432	68.92270107
6.34920634921	68.94931811
6.35409035409	68.9592477
6.35897435897	68.98591555
6.36385836386	69.01069827
6.36874236874	69.02206362
6.37362637363	69.0481117
6.37851037851	69.05822473
6.38339438339	69.08461954
6.38827838828	69.10986625
6.39316239316	69.12102874
6.39804639805	69.14717212
6.40293040293	69.15745861
6.40781440781	69.18313259
6.4126984127	69.20760671
6.41758241758	69.21888125
6.42246642247	69.24577058
6.42735042735	69.25581798
6.43223443223	69.28236631
6.43711843712	69.30796165
6.442002442	69.31888248
6.44688644689	69.34536988
6.45177045177	69.35518604
6.45665445665	69.38174113
6.46153846154	69.40730741
6.46642246642	69.41820954
6.47130647131	69.44432946
6.47619047619	69.45472823
6.48107448107	69.48082217
6.48595848596	69.50623972
6.49084249084	69.51738867
6.49572649573	69.54419062
6.50061050061	69.55427834
6.50549450549	69.5809573
6.51037851038	69.60670194
6.51526251526	69.61730083
6.52014652015	69.6439271
6.52503052503	69.65386589
6.52991452991	69.67985209
6.5347985348	69.70598292
6.53968253968	69.71670602
6.54456654457	69.74327477
6.54945054945	69.75305444
6.55433455433	69.77917257
6.55921855922	69.80505605
6.5641025641	69.81546427
6.56898656899	69.84051845
6.57387057387	69.85053894
6.57875457875	69.87763351
6.58363858364	69.90403251
6.58852258852	69.9145642
6.59340659341	69.94115587
6.59829059829	69.95122645
6.60317460317	69.9776331
6.60805860806	70.00365662
6.61294261294	70.01412298
6.61782661783	70.04108924
6.62271062271	70.05102287
6.62759462759	70.07738256
6.63247863248	70.10390624
6.63736263736	70.11408957
6.64224664225	70.14026064
6.64713064713	70.15008947
6.65201465201	70.17760419
6.6568986569	70.2042988
6.66178266178	70.21431667
6.66666666667	70.24109212
6.67155067155	70.25105516
6.67643467643	70.27765895
6.68131868132	70.3036706
6.6862026862	70.31399081
6.69108669109	70.34033812
6.69597069597	70.35084517
6.70085470085	70.37724462
6.70573870574	70.40332907
6.71062271062	70.41383709
6.71550671551	70.44003239
6.72039072039	70.46355871
6.72527472527	70.47605869
6.73015873016	70.50272327
6.73504273504	70.51257201
6.73992673993	70.53971396
6.74481074481	70.56336452
6.74969474969	70.57644401
6.75457875458	70.60320669
6.75946275946	70.61307748
6.76434676435	70.63916832
6.76923076923	70.66369083
6.77411477411	70.6766343
6.778998779	70.70316806
6.78388278388	70.71313555
6.78876678877	70.73961996
6.79365079365	70.76364739
6.79853479853	70.77612647
6.80341880342	70.80310927
6.8083028083	70.81322275
6.81318681319	70.84035699
6.81807081807	70.8647128
6.82295482295	70.87710782
6.82783882784	70.90405043
6.83272283272	70.91392203
6.83760683761	70.94037632
6.84249084249	70.96438998
6.84737484737	70.97691698
6.85225885226	71.00374368
6.85714285714	71.01383314
6.86202686203	71.04016909
6.86691086691	71.06458615
6.87179487179	71.07665003
6.87667887668	71.10298463
6.88156288156	71.11261454
6.88644688645	71.13860505
6.89133089133	71.16368438
6.89621489621	71.17605723
6.9010989011	71.20265394
6.90598290598	71.21278042
6.91086691087	71.24010607
6.91575091575	71.26448981
6.92063492063	71.27627476
6.92551892552	71.30344734
6.9304029304	71.31358839
6.93528693529	71.34024856
6.94017094017	71.36524332
6.94505494505	71.37726284
6.94993894994	71.40404441
6.95482295482	71.41403687
6.95970695971	71.44094703
6.96459096459	71.46666639
6.96947496947	71.47849711
6.97435897436	71.50525034
6.97924297924	71.51562861
6.98412698413	71.54229248
6.98901098901	71.56764177
6.99389499389	71.57934755
6.99877899878	71.60548573
7.00366300366	71.61581156
7.00854700855	71.64310637
7.01343101343	71.66810156
7.01831501831	71.67950845
7.0231990232	71.70657934
7.02808302808	71.71646557
7.03296703297	71.74274447
7.03785103785	71.76762156
7.04273504274	71.77944608
7.04761904762	71.80621843
7.0525030525	71.81640453
7.05738705739	71.84345649
7.06227106227	71.86944845
7.06715506716	71.88083702
7.07203907204	71.90735441
7.07692307692	71.91733192
7.08180708181	71.94465231
7.08669108669	71.9701946
7.09157509158	71.98137879
7.09645909646	72.0081719
7.10134310134	72.01844938
7.10622710623	72.04504515
7.11111111111	72.07076406
7.115995116	72.0821315
7.12087912088	72.10952658
7.12576312576	72.11989211
7.13064713065	72.14689865
7.13553113553	72.17283005
7.14041514042	72.18402007
7.1452991453	72.21112668
7.15018315018	72.22100221
7.15506715507	72.2474917
7.15995115995	72.27361315
7.16483516484	72.28475553
7.16971916972	72.31153182
7.1746031746	72.32171129
7.17948717949	72.34850197
7.18437118437	72.37421244
7.18925518926	72.38514372
7.19413919414	72.4110074
7.19902319902	72.42125759
7.20390720391	72.44873538
7.20879120879	72.47477097
7.21367521368	72.48595804
7.21855921856	72.51344531
7.22344322344	72.52336508
7.22832722833	72.55016167
7.23321123321	72.57595968
7.2380952381	72.58734346
7.24297924298	72.61428845
7.24786324786	72.62472422
7.25274725275	72.651551
7.25763125763	72.67766895
7.26251526252	72.68865429
7.2673992674	72.71525872
7.27228327228	72.72586997
7.27716727717	72.75324351
7.28205128205	72.7796335
7.28693528694	72.79089064
7.29181929182	72.81767412
7.2967032967	72.82819844
7.30158730159	72.85487178
7.30647130647	72.8810433
7.31135531136	72.89204072
7.31623931624	72.91885733
7.32112332112	72.9291203
7.32600732601	72.95632752
7.33089133089	72.98213779
7.33577533578	72.99309111
7.34065934066	73.01983659
7.34554334554	73.03003697
7.35042735043	73.05644409
7.35531135531	73.08277389
7.3601953602	73.09363027
7.36507936508	73.12090081
7.36996336996	73.13110978
7.37484737485	73.15858125
7.37973137973	73.18477121
7.38461538462	73.19531065
7.3894993895	73.22218051
7.39438339438	73.2325597
7.39926739927	73.26011217
7.40415140415	73.28607456
7.40903540904	73.29673901
7.41391941392	73.32402509
7.4188034188	73.33417659
7.42368742369	73.36121989
7.42857142857	73.38790632
7.43345543346	73.39887438
7.43833943834	73.42633434
7.44322344322	73.43661855
7.44810744811	73.46337885
7.45299145299	73.49020785
7.45787545788	73.50089029
7.46275946276	73.52807176
7.46764346764	73.53796811
7.47252747253	73.56484652
7.47741147741	73.59136003
7.4822954823	73.60210898
7.48717948718	73.62942632
7.49206349206	73.63950681
7.49694749695	73.66620304
7.50183150183	73.69239738
7.50671550672	73.70229477
7.5115995116	73.72968617
7.51648351648	73.73985135
7.52136752137	73.76718335
7.52625152625	73.79389598
7.53113553114	73.80502815
7.53601953602	73.83198106
7.5409035409	73.84256738
7.54578754579	73.8693544
7.55067155067	73.89631881
7.55555555556	73.90722209
7.56043956044	73.93425911
7.56532356532	73.94471952
7.57020757021	73.97186234
7.57509157509	73.99808366
7.57997557998	74.0089892
7.58485958486	74.03637702
7.58974358974	74.04710691
7.59462759463	74.07455099
7.59951159951	74.10128583
7.6043956044	74.11222815
7.60927960928	74.1394645
7.61416361416	74.14990308
7.61904761905	74.17678472
7.62393162393	74.20295022
7.62881562882	74.21401602
7.6336996337	74.24116788
7.63858363858	74.25179743
7.64346764347	74.2786067
7.64835164835	74.30525081
7.65323565324	74.31606902
7.65811965812	74.3427128
7.663003663	74.35287817
7.66788766789	74.37969767
7.67277167277	74.40691612
7.67765567766	74.41781508
7.68253968254	74.44474703
7.68742368742	74.45524405
7.69230769231	74.48256677
7.69719169719	74.50922498
7.70207570208	74.5195865
7.70695970696	74.54708867
7.71184371184	74.55748896
7.71672771673	74.58477487
7.72161172161	74.6116472
7.7264957265	74.62212835
7.73137973138	74.64927604
7.73626373626	74.6593408
7.74114774115	74.6866389
7.74603174603	74.71434847
7.75091575092	74.72503862
7.7557997558	74.75209541
7.76068376068	74.76273449
7.76556776557	74.78987785
7.77045177045	74.81698157
7.77533577534	74.82731866
7.78021978022	74.85384063
7.7851037851	74.86430103
7.78998778999	74.89181329
7.79487179487	74.91914465
7.79975579976	74.92945955
7.80463980464	74.95629191
7.80952380952	74.96639045
7.81440781441	74.99373052
7.81929181929	75.01930411
7.82417582418	75.02985398
7.82905982906	75.05763424
7.83394383394	75.06811371
7.83882783883	75.09531952
7.84371184371	75.12335695
7.8485958486	75.13344762
7.85347985348	75.16046727
7.85836385836	75.17101158
7.86324786325	75.19814365
7.86813186813	75.22560698
7.87301587302	75.23611007
7.8778998779	75.2631689
7.88278388278	75.28771505
7.88766788767	75.30066715
7.89255189255	75.32779158
7.89743589744	75.3382413
7.90231990232	75.3663927
7.9072039072	75.39101327
7.91208791209	75.40405918
7.91697191697	75.43142978
7.92185592186	75.4419301
7.92673992674	75.46960084
7.93162393162	75.49381141
7.93650793651	75.5065746
7.94139194139	75.53448132
7.94627594628	75.54447805
7.95115995116	75.57177346
7.95604395604	75.59629236
7.96092796093	75.6092047
7.96581196581	75.63618934
7.9706959707	75.64640298
7.97557997558	75.67302373
7.98046398046	75.69834096
7.98534798535	75.71120764
7.99023199023	75.73880481
7.99511599512	75.74900677
8.0	75.77673113
8.00488400488	75.80156056
8.00976800977	75.81400342
8.01465201465	75.84129454
8.01953601954	75.85188712
8.02442002442	75.87945763
8.0293040293	75.90447326
8.03418803419	75.91707495
8.03907203907	75.94444373
8.04395604396	75.95478391
8.04884004884	75.98164273
8.05372405372	76.00738223
8.05860805861	76.02018596
8.06349206349	76.04773399
8.06837606838	76.05837005
8.07326007326	76.08564187
8.07814407814	76.11106717
8.08302808303	76.12354532
8.08791208791	76.15071253
8.0927960928	76.16070125
8.09768009768	76.18815826
8.10256410256	76.21380407
8.10744810745	76.22580396
8.11233211233	76.25318676
8.11721611722	76.2634717
8.1221001221	76.29059565
8.12698412698	76.31589698
8.13186813187	76.32714063
8.13675213675	76.35464199
8.14163614164	76.36481835
8.14652014652	76.3926207
8.1514041514	76.41868703
8.15628815629	76.43104066
8.16117216117	76.45836905
8.16605616606	76.46880017
8.17094017094	76.49595249
8.17582417582	76.52239314
8.18070818071	76.53402455
8.18559218559	76.56162307
8.19047619048	76.57215372
8.19536019536	76.59991863
8.20024420024	76.6255932
8.20512820513	76.63730384
8.21001221001	76.66552691
8.2148962149	76.67588047
8.21978021978	76.70355837
8.22466422466	76.73002552
8.22954822955	76.7418759
8.23443223443	76.76927297
8.23931623932	76.77989916
8.2442002442	76.8072196
8.24908424908	76.83317282
8.25396825397	76.84501022
8.25885225885	76.87243811
8.26373626374	76.88290387
8.26862026862	76.91054791
8.2735042735	76.9367566
8.27838827839	76.94789031
8.28327228327	76.97524384
8.28815628816	76.98544206
8.29304029304	77.01256411
8.29792429792	77.03969713
8.30280830281	77.05105349
8.30769230769	77.07904913
8.31257631258	77.08935425
8.31746031746	77.11683051
8.32234432234	77.14329852
8.32722832723	77.15463236
8.33211233211	77.18267648
8.336996337	77.1929908
8.34188034188	77.22028099
8.34676434676	77.24691722
8.35164835165	77.25835796
8.35653235653	77.28562348
8.36141636142	77.2957789
8.3663003663	77.32370815
8.37118437118	77.351235
8.37606837607	77.36239973
8.38095238095	77.39004056
8.38583638584	77.40058662
8.39072039072	77.4283575
8.3956043956	77.4550025
8.40048840049	77.46593333
8.40537240537	77.49334849
8.41025641026	77.50383322
8.41514041514	77.53164909
8.42002442002	77.5584648
8.42490842491	77.56945856
8.42979242979	77.59721372
8.43467643468	77.60742428
8.43956043956	77.63473937
8.44444444444	77.6605586
8.44932844933	77.67167665
8.45421245421	77.69992799
8.4590964591	77.71050274
8.46398046398	77.73796792
8.46886446886	77.7653965
8.47374847375	77.77653473
8.47863247863	77.80392311
8.48351648352	77.81420811
8.4884004884	77.84200133
8.49328449328	77.86959874
8.49816849817	77.88005284
8.50305250305	77.90779614
8.50793650794	77.91827154
8.51282051282	77.94585043
8.5177045177	77.97310361
8.52258852259	77.9841393
8.52747252747	78.0123678
8.53235653236	78.02295131
8.53724053724	78.05070795
8.54212454212	78.0783286
8.54700854701	78.08908336
8.55189255189	78.11655309
8.55677655678	78.12717731
8.56166056166	78.15436874
8.56654456654	78.18218489
8.57142857143	78.19284938
8.57631257631	78.22062384
8.5811965812	78.23109228
8.58608058608	78.25818363
8.59096459096	78.28573469
8.59584859585	78.29633499
8.60073260073	78.32358941
8.60561660562	78.33387214
8.6105006105	78.36172974
8.61538461538	78.38958149
8.62026862027	78.40010596
8.62515262515	78.42817859
8.63003663004	78.43853486
8.63492063492	78.4657873
8.6398046398	78.493349
8.64468864469	78.50415719
8.64957264957	78.53190627
8.65445665446	78.54265957
8.65934065934	78.57002295
8.66422466422	78.59783583
8.66910866911	78.60837512
8.67399267399	78.63544515
8.67887667888	78.64660513
8.68376068376	78.67462844
8.68864468864	78.70246508
8.69352869353	78.71284434
8.69841269841	78.74044153
8.7032967033	78.75120784
8.70818070818	78.7789305
8.71306471306	78.80650758
8.71794871795	78.81670991
8.72283272283	78.84463394
8.72771672772	78.85524376
8.7326007326	78.88311901
8.73748473748	78.91037858
8.74236874237	78.92083043
8.74725274725	78.94827645
8.75213675214	78.958781
8.75702075702	78.98646762
8.7619047619	79.01488772
8.76678876679	79.02534527
8.77167277167	79.05347943
8.77655677656	79.06411872
8.78144078144	79.09185496
8.78632478632	79.11999642
8.79120879121	79.13048564
8.79609279609	79.15787697
8.80097680098	79.1687277
8.80586080586	79.19657623
8.81074481074	79.22466261
8.81562881563	79.23523055
8.82051282051	79.26290129
8.8253968254	79.27369802
8.83028083028	79.30091002
8.83516483516	79.32896217
8.84004884005	79.33990258
8.84493284493	79.36795758
8.84981684982	79.39304297
8.8547008547	79.40642175
8.85958485958	79.43451553
8.86446886447	79.44490441
8.86935286935	79.47258212
8.87423687424	79.49698186
8.87912087912	79.51063218
8.884004884	79.538485
8.88888888889	79.54917805
8.89377289377	79.57698317
8.89865689866	79.6018233
8.90354090354	79.61500951
8.90842490842	79.64245994
8.91330891331	79.65253888
8.91819291819	79.68040295
8.92307692308	79.70559437
8.92796092796	79.71894382
8.93284493284	79.74712958
8.93772893773	79.7576898
8.94261294261	79.78537733
8.9474969475	79.81045542
8.95238095238	79.82340051
8.95726495726	79.85133856
8.96214896215	79.86183049
8.96703296703	79.88978631
8.97191697192	79.91495892
8.9768009768	79.92837886
8.98168498168	79.95566669
8.98656898657	79.96596027
8.99145299145	79.99417653
8.99633699634	80.02004644
9.00122100122	80.03293314
9.0061050061	80.06082922
9.01098901099	80.07148235
9.01587301587	80.09967133
9.02075702076	80.12482549
9.02564102564	80.1374395
9.03052503052	80.1652607
9.03540903541	80.17563902
9.04029304029	80.20326886
9.04517704518	80.22900632
9.05006105006	80.24163424
9.05494505495	80.26910241
9.05982905983	80.27939342
9.06471306471	80.30686547
9.0695970696	80.33135705
9.07448107448	80.34461355
9.07936507937	80.37257636
9.08424908425	80.38313501
9.08913308913	80.41128526
9.09401709402	80.4372683
9.0989010989	80.44961352
9.10378510379	80.47729912
9.10866910867	80.48776177
9.11355311355	80.51552753
9.11843711844	80.54171704
9.12332112332	80.55402751
9.12820512821	80.58182535
9.13308913309	80.59270784
9.13797313797	80.62024684
9.14285714286	80.64590065
9.14774114774	80.65855305
9.15262515263	80.68681894
9.15750915751	80.69760253
9.16239316239	80.72545717
9.16727716728	80.75148275
9.17216117216	80.76409442
9.17704517705	80.79157072
9.18192918193	80.80198275
9.18681318681	80.82966563
9.1916971917	80.85590616
9.19658119658	80.86843653
9.20146520147	80.8959453
9.20634920635	80.90626595
9.21123321123	80.93428216
9.21611721612	80.95998799
9.221001221	80.97186857
9.22588522589	80.99896671
9.23076923077	81.00951685
9.23565323565	81.03785995
9.24053724054	81.0642115
9.24542124542	81.07618982
9.25030525031	81.10428286
9.25518925519	81.11477907
9.26007326007	81.14258887
9.26495726496	81.16852623
9.26984126984	81.18070434
9.27472527473	81.20870007
9.27960927961	81.21930271
9.28449328449	81.24694033
9.28937728938	81.2734188
9.29426129426	81.28522263
9.29914529915	81.3126911
9.30402930403	81.32353071
9.30891330891	81.35147377
9.3137973138	81.37857147
9.31868131868	81.39058761
9.32356532357	81.41835696
9.32844932845	81.42885621
9.33333333333	81.45644383
9.33821733822	81.48271401
9.3431013431	81.49463273
9.34798534799	81.52244995
9.35286935287	81.53322484
9.35775335775	81.5608159
9.36263736264	81.58693068
9.36752136752	81.5988604
9.37240537241	81.62610464
9.37728937729	81.63693722
9.38217338217	81.66333205
9.38705738706	81.68999527
9.39194139194	81.70208224
9.39682539683	81.72978296
9.40170940171	81.740604
9.40659340659	81.76876765
9.41147741148	81.79506353
9.41636141636	81.80680336
9.42124542125	81.83470291
9.42612942613	81.84529223
9.43101343101	81.87334148
9.4358974359	81.89983536
9.44078144078	81.91133546
9.44566544567	81.93939599
9.45054945055	81.94977768
9.45543345543	81.97745512
9.46031746032	82.00439949
9.4652014652	82.01629223
9.47008547009	82.04456232
9.47496947497	82.05510197
9.47985347985	82.08281312
9.48473748474	82.10986892
9.48962148962	82.12132891
9.49450549451	82.14895374
9.49938949939	82.12635094
9.50427350427	82.18750687
9.50915750916	82.2141683
9.51404151404	82.22566896
9.51892551893	82.25330707
9.52380952381	82.26392985
9.52869352869	82.29140791
9.53357753358	82.31798522
9.53846153846	82.32898703
9.54334554335	82.35697148
9.54822954823	82.3676745
9.55311355311	82.39552674
9.557997558	82.42205072
9.56288156288	82.43397993
9.56776556777	82.4616674
9.57264957265	82.47235541
9.57753357753	82.49961067
9.58241758242	82.52678089
9.5873015873	82.53820757
9.59218559219	82.56587799
9.59706959707	82.57622022
9.60195360195	82.60412736
9.60683760684	82.63105714
9.61172161172	82.64180118
9.61660561661	82.67023351
9.62148962149	82.68080635
9.62637362637	82.70878109
9.63125763126	82.73608731
9.63614163614	82.74731944
9.64102564103	82.77507104
9.64590964591	82.78572647
9.65079365079	82.8130081
9.65567765568	82.8399657
9.66056166056	82.85119687
9.66544566545	82.87888025
9.67032967033	82.88949197
9.67521367521	82.91684091
9.6800976801	82.94427571
9.68498168498	82.95519316
9.68986568987	82.98240201
9.69474969475	82.99231198
9.69963369963	83.01919281
9.70451770452	83.04746914
9.7094017094	83.05818996
9.71428571429	83.08585377
9.71916971917	83.0967018
9.72405372405	83.12435083
9.72893772894	83.15178636
9.73382173382	83.16262153
9.73870573871	83.19031921
9.74358974359	83.20072633
9.74847374847	83.22872037
9.75335775336	83.25623318
9.75824175824	83.26695033
9.76312576313	83.29452404
9.76800976801	83.30456434
9.77289377289	83.33295515
9.77777777778	83.36095518
9.78266178266	83.37151214
9.78754578755	83.39934821
9.79242979243	83.40980334
9.79731379731	83.4374499
9.8021978022	83.46537174
9.80708180708	83.47571297
9.81196581197	83.5030741
9.81684981685	83.51362171
9.82173382173	83.54138106
9.82661782662	83.5691808
9.8315018315	83.57969617
9.83638583639	83.60732626
9.84126984127	83.61742792
9.84615384615	83.64500782
9.85103785104	83.67171874
9.85592185592	83.68259702
9.86080586081	83.71048324
9.86568986569	83.73507752
9.87057387057	83.74868584
9.87545787546	83.77635199
9.88034188034	83.78675652
9.88522588523	83.81456205
9.89010989011	83.83883765
9.89499389499	83.85240327
9.89987789988	83.88010001
9.90476190476	83.89082044
9.90964590965	83.91783002
9.91452991453	83.94313598
9.91941391941	83.95623569
9.9242979243	83.98326138
9.92918192918	83.99438925
9.93406593407	84.02257497
9.93894993895	84.04785474
9.94383394383	84.06092219
9.94871794872	84.08839218
9.9536019536	84.09907142
9.95848595849	84.12641933
9.96336996337	84.15143948
9.96825396825	84.16412596
9.97313797314	84.19183392
9.97802197802	84.20227464
9.98290598291	84.2302716
9.98778998779	84.25497953
9.99267399267	84.2677395
9.99755799756	84.29528649
10.0024420024	84.30551606
