V	MHz
0.0	64.07397844
0.02442002442	64.19272607
0.04884004884	64.45700303
0.0732600732601	64.55677711
0.0976800976801	64.81487889
0.1221001221	65.05553208
0.14652014652	65.1646232
0.17094017094	65.41837028
0.19536019536	65.51285002
0.21978021978	65.7613663
0.2442002442	65.99772288
0.26862026862	66.10289227
0.29304029304	66.34670455
0.31746031746	66.43939175
0.34188034188	66.67850741
0.3663003663	66.9061036
0.39072039072	67.00750954
0.41514041514	67.24166463
0.43956043956	67.32912011
0.46398046398	67.56339826
0.4884004884	67.78216812
0.512820512821	67.87640432
0.537240537241	68.10787275
0.561660561661	68.19162591
0.586080586081	68.41531659
0.610500610501	68.63097146
0.634920634921	68.71929902
0.659340659341	68.9371989
0.683760683761	69.02384072
0.708180708181	69.24221714
0.732600732601	69.45595435
0.757020757021	69.54194488
0.781440781441	69.75428076
0.805860805861	69.83475763
0.830280830281	70.05056069
0.854700854701	70.25734699
0.879120879121	70.33907134
0.903540903541	70.54960349
0.927960927961	70.62791147
0.952380952381	70.83421089
0.976800976801	71.04012134
1.00122100122	71.11934399
1.02564102564	71.32514383
1.05006105006	71.40255603
1.07448107448	71.60944633
1.0989010989	71.81314175
1.12332112332	71.89053661
1.14774114774	72.09406309
1.17216117216	72.1725526
1.19658119658	72.37592351
1.221001221	72.5808764
1.24542124542	72.65670133
1.26984126984	72.86261858
1.29426129426	73.04754009
1.31868131868	73.1452552
1.3431013431	73.35519489
1.36752136752	73.43165012
1.39194139194	73.63697593
1.41636141636	73.82395971
1.44078144078	73.92281799
1.4652014652	74.12997283
1.48962148962	74.21086742
1.51404151404	74.4191349
1.53846153846	74.61000034
1.56288156288	74.70887732
1.5873015873	74.92063559
1.61172161172	75.00183802
1.63614163614	75.21972517
1.66056166056	75.42047897
1.68498168498	75.52214599
1.7094017094	75.74214702
1.73382173382	75.82580246
1.75824175824	76.04707693
1.78266178266	76.25199084
1.80708180708	76.3545837
1.8315018315	76.57433076
1.85592185592	76.65721469
1.88034188034	76.87417001
1.90476190476	77.07674745
1.92918192918	77.17250982
1.9536019536	77.38496285
1.97802197802	77.46438354
2.00244200244	77.67672144
2.02686202686	77.87337413
2.05128205128	77.9627516
2.0757020757	78.16921456
2.10012210012	78.24654468
2.12454212454	78.45042809
2.14896214896	78.6423808
2.17338217338	78.72791481
2.1978021978	78.92537112
2.22222222222	79.00016287
2.24664224664	79.19743063
2.27106227106	79.38679279
2.29548229548	79.46684873
2.3199023199	79.65958847
2.34432234432	79.73090029
2.36874236874	79.92262807
2.39316239316	80.10861264
2.41758241758	80.18680127
2.442002442	80.37534333
2.46642246642	80.4469168
2.49084249084	80.63330958
2.51526251526	80.81620708
2.53968253968	80.89046763
2.5641025641	81.07526165
2.58852258852	81.14701538
2.61294261294	81.3304946
2.63736263736	81.51062273
2.66178266178	81.583007
2.6862026862	81.76420863
2.71062271062	81.83201498
2.73504273504	82.0121117
2.75946275946	82.19239504
2.78388278388	82.26137751
2.8083028083	82.43943159
2.83272283272	82.50548016
2.85714285714	82.68507578
2.88156288156	82.86246565
2.90598290598	82.92975395
2.9304029304	83.10497711
2.95482295482	83.17439471
2.97924297924	83.34957141
3.00366300366	83.52490163
3.02808302808	83.59184085
3.0525030525	83.76602518
3.07692307692	83.92128084
3.10134310134	84.00672344
3.12576312576	84.17841962
3.15018315018	84.24307074
3.1746031746	84.41613149
3.19902319902	84.57227955
3.22344322344	84.65475484
3.24786324786	84.82680622
3.27228327228	84.89065655
3.2967032967	85.06079984
3.32112332112	85.21925759
3.34554334554	85.29719504
3.36996336996	85.46867883
3.39438339438	85.53554602
3.4188034188	85.70577828
3.44322344322	85.86103258
3.46764346764	85.93894435
3.49206349206	86.10663833
3.51648351648	86.17088565
3.5409035409	86.33913077
3.56532356532	86.49832464
3.58974358974	86.57114829
3.61416361416	86.74119342
3.63858363858	86.804725
3.663003663	86.97283672
3.68742368742	87.13367786
3.71184371184	87.20659079
3.73626373626	87.37434125
3.76068376068	87.43868544
3.7851037851	87.60557508
3.80952380952	87.7667021
3.83394383394	87.83571549
3.85836385836	88.00792251
3.88278388278	88.07212691
3.9072039072	88.24282519
3.93162393162	88.40948343
3.95604395604	88.47914532
3.98046398046	88.64543017
4.00488400488	88.70845515
4.0293040293	88.87628654
4.05372405372	89.03934939
4.07814407814	89.10656544
4.10256410256	89.27315618
4.12698412698	89.33508914
4.1514041514	89.50386214
4.17582417582	89.66979639
4.20024420024	89.73409695
4.22466422466	89.90301052
4.24908424908	89.96499137
4.2735042735	90.13116875
4.29792429792	90.29576917
4.32234432234	90.35633264
4.34676434676	90.52126397
4.37118437118	90.58675615
4.3956043956	90.7547954
4.42002442002	90.91794267
4.44444444444	90.98453886
4.46886446886	91.15053786
4.49328449328	91.29397277
4.5177045177	91.37581249
4.54212454212	91.54244357
4.56654456654	91.6041341
4.59096459096	91.77036299
4.61538461538	91.92297961
4.6398046398	92.002358
4.66422466422	92.1698747
4.68864468864	92.23192542
4.71306471306	92.40153262
4.73748473748	92.55392683
4.7619047619	92.63114188
4.78632478632	92.80200291
4.81074481074	92.86503643
4.83516483516	93.03156449
4.85958485958	93.18610195
4.884004884	93.26296055
4.90842490842	93.43037173
4.93284493284	93.49401487
4.95726495726	93.66271565
4.98168498168	93.82011334
5.0061050061	93.89544389
5.03052503053	94.06298133
5.05494505495	94.12982428
5.07936507937	94.2964563
5.10378510379	94.45760007
5.12820512821	94.53189384
5.15262515263	94.70146153
5.17704517705	94.76720584
5.20146520147	94.9354694
5.22588522589	95.09439957
5.25030525031	95.17099331
5.27472527473	95.34161404
5.29914529915	95.40673801
5.32356532357	95.57574028
5.34798534799	95.7360318
5.37240537241	95.81199459
5.39682539683	95.98142466
5.42124542125	96.04645673
5.44566544567	96.21577442
5.47008547009	96.37864465
5.49450549451	96.45248997
5.51892551893	96.62295789
5.54334554335	96.68882623
5.56776556777	96.85937986
5.59218559219	97.02247187
5.61660561661	97.09593679
5.64102564103	97.26540637
5.66544566545	97.3296161
5.68986568987	97.50119414
5.71428571429	97.66762378
5.73870573871	97.73948154
5.76312576313	97.91056011
5.78754578755	97.97416037
5.81196581197	98.14707349
5.83638583639	98.31604642
5.86080586081	98.38499078
5.88522588523	98.55867215
5.90964590965	98.6258115
5.93406593407	98.79828354
5.95848595849	98.97037707
5.98290598291	99.03951879
6.00732600733	99.21177072
6.03174603175	99.27739509
6.05616605617	99.45230963
6.08058608059	99.62479163
6.10500610501	99.6915411
6.12942612943	99.86861773
6.15384615385	99.93351161
6.17826617827	100.1079729
6.20268620269	100.2827695
6.22710622711	100.3476425
6.25152625153	100.5239882
6.27594627595	100.5904431
6.30036630037	100.7657935
6.32478632479	100.9411948
6.34920634921	101.0090681
6.37362637363	101.1848545
6.39804639805	101.3424981
6.42246642247	101.42859
6.44688644689	101.604974
6.47130647131	101.6708335
6.49572649573	101.848736
6.52014652015	102.0084386
6.54456654457	102.0926214
6.56898656899	102.2712751
6.59340659341	102.3368146
6.61782661783	102.5132812
6.64224664225	102.6744903
6.66666666667	102.7591351
6.69108669109	102.9368633
6.71550671551	103.0032081
6.73992673993	103.1804271
6.76434676435	103.3432306
6.78876678877	103.4249238
6.81318681319	103.6066028
6.83760683761	103.6720522
6.86202686203	103.8487792
6.88644688645	104.0123728
6.91086691087	104.0945045
6.93528693529	104.2718376
6.95970695971	104.3392068
6.98412698413	104.5192785
7.00854700855	104.6856088
7.03296703297	104.7647524
7.05738705739	104.9468847
7.08180708181	105.0130571
7.10622710623	105.1920868
7.13064713065	105.3615745
7.15506715507	105.4412284
7.17948717949	105.6196736
7.20390720391	105.6871487
7.22832722833	105.8694644
7.25274725275	106.0377583
7.27716727717	106.1157704
7.30158730159	106.2992723
7.32600732601	106.3661716
7.35042735043	106.5456229
7.37484737485	106.7182591
7.39926739927	106.7962228
7.42368742369	106.975963
7.44810744811	107.0446662
7.47252747253	107.2298011
7.49694749695	107.4024561
7.52136752137	107.4778655
7.54578754579	107.6599596
7.57020757021	107.7301298
7.59462759463	107.911993
7.61904761905	108.0900964
7.64346764347	108.165614
7.66788766789	108.3464294
7.69230769231	108.4163472
7.71672771673	108.5996289
7.74114774115	108.7801253
7.76556776557	108.8541676
7.78998778999	109.0354834
7.81440781441	109.1053871
7.83882783883	109.2884741
7.86324786325	109.4727769
7.88766788767	109.5440085
7.91208791209	109.7286951
7.93650793651	109.8006893
7.96092796093	109.983971
7.98534798535	110.1680958
8.00976800977	110.2380303
8.03418803419	110.4234722
8.05860805861	110.4953788
8.08302808303	110.6802521
8.10744810745	110.8662031
8.13186813187	110.9377672
8.15628815629	111.1227408
8.18070818071	111.2896125
8.20512820513	111.3804836
8.22954822955	111.5673809
8.25396825397	111.6384228
8.27838827839	111.8248961
8.30280830281	111.9949979
8.32722832723	112.083405
8.35164835165	112.2706147
8.37606837607	112.3421606
8.40048840049	112.5335095
8.42490842491	112.7042216
8.44932844933	112.7913824
8.47374847375	112.9795599
8.49816849817	113.0525879
8.52258852259	113.2414414
8.54700854701	113.4171157
8.57142857143	113.5009289
8.59584859585	113.6937696
8.62026862027	113.7638468
8.64468864469	113.9527655
8.66910866911	114.1308485
8.69352869353	114.2162297
8.71794871795	114.4058333
8.74236874237	114.4769169
8.76678876679	114.6677137
8.79120879121	114.8479634
8.81562881563	114.9327245
8.84004884005	115.1233347
8.86446886447	115.1954732
8.88888888889	115.3879683
8.91330891331	115.5670424
8.93772893773	115.6498206
8.96214896215	115.8447035
8.98656898657	115.9148676
9.01098901099	116.106687
9.03540903541	116.2900755
9.05982905983	116.3723374
9.08424908425	116.5630193
9.10866910867	116.6351711
9.13308913309	116.8304781
9.15750915751	117.0143994
9.18192918193	117.0941746
9.20634920635	117.2853757
9.23076923077	117.3573725
9.25518925519	117.5506235
9.27960927961	117.7380285
9.30402930403	117.8181644
9.32844932845	118.0090673
9.35286935287	118.0819849
9.37728937729	118.2774471
9.40170940171	118.462961
9.42612942613	118.5398666
9.45054945055	118.7331701
9.47496947497	118.8072268
9.49938949939	118.9991132
9.52380952381	119.1891077
9.54822954823	119.2660799
9.57264957265	119.457383
9.59706959707	119.5290209
9.62148962149	119.7241294
9.64590964591	119.9158269
9.67032967033	119.9899502
9.69474969475	120.1832122
9.71916971917	120.2568201
9.74358974359	120.4493175
9.76800976801	120.6421802
9.79242979243	120.7172852
9.81684981685	120.9106937
9.84126984127	120.985758
9.86568986569	121.177289
9.89010989011	121.3706117
9.91452991453	121.4452721
9.93894993895	121.6382827
9.96336996337	121.7114354
9.98778998779	121.9036958
10.0122100122	122.0392543
