V	%
0.043956043956	0.0
0.04884004884	6.55708947258e-06
0.0537240537241	3.05922669912e-05
0.0586080586081	6.66908029524e-05
0.0634920634921	0.000119487016338
0.0683760683761	0.000165684109348
0.0732600732601	0.000221780348456
0.0781440781441	0.000288655757768
0.0830280830281	0.00038324955134
0.0879120879121	0.000499841721904
0.0927960927961	0.000633592933027
0.0976800976801	0.000772843617971
0.102564102564	0.000927273321575
0.107448107448	0.00111514078782
0.112332112332	0.00131928705642
0.117216117216	0.00155533142348
0.1221001221	0.00181953377875
0.126984126984	0.00213983233744
0.131868131868	0.00247047033528
0.136752136752	0.00284598516919
0.141636141636	0.00325713820289
0.14652014652	0.00374418577235
0.151404151404	0.00428336918922
0.156288156288	0.00487688972918
0.161172161172	0.005500328591
0.166056166056	0.00623397880301
0.17094017094	0.00697730959239
0.175824175824	0.00781743342162
0.180708180708	0.00866393617117
0.185592185592	0.00961537358295
0.190476190476	0.0105654894532
0.19536019536	0.0116684966274
0.200244200244	0.012853117747
0.205128205128	0.0142097669537
0.210012210012	0.015674210048
0.214896214896	0.0172548035234
0.21978021978	0.0188389173182
0.224664224664	0.0206260778365
0.229548229548	0.02245701617
0.234432234432	0.0244657048101
0.239316239316	0.0266937157246
0.2442002442	0.0300919546445
0.249084249084	0.0319296825286
0.253968253968	0.0345059964179
0.258852258852	0.0370997914783
0.263736263736	0.0399317717611
0.26862026862	0.0428926716392
0.273504273504	0.0460633509237
0.278388278388	0.0494001054601
0.283272283272	0.0531454859129
0.288156288156	0.0569301948195
0.29304029304	0.0610120914413
0.297924297924	0.0650262488873
0.302808302808	0.0694009472653
0.307692307692	0.0737188436007
0.312576312576	0.0782486948158
0.31746031746	0.0827348467826
0.322344322344	0.0881344067249
0.327228327228	0.0936781767957
0.332112332112	0.0994382827992
0.336996336996	0.105287967456
0.34188034188	0.111797581433
0.346764346764	0.118246012538
0.351648351648	0.124845235721
0.356532356532	0.131514363294
0.361416361416	0.138974517934
0.3663003663	0.146307956104
0.371184371184	0.154176757177
0.376068376068	0.162014931466
0.380952380952	0.170355722153
0.385836385836	0.178571976752
0.39072039072	0.187070080362
0.395604395604	0.196267471853
0.400488400488	0.206496241069
0.405372405372	0.216668198208
0.410256410256	0.227412676359
0.41514041514	0.238189910826
0.420024420024	0.249823766614
0.424908424908	0.261676128679
0.429792429792	0.274205893653
0.434676434676	0.287244817502
0.43956043956	0.311175875598
0.444444444444	0.318925424383
0.449328449328	0.332683005966
0.454212454212	0.346092311112
0.459096459096	0.36061179228
0.46398046398	0.374935342585
0.468864468864	0.390064362154
0.473748473748	0.405258650383
0.478632478632	0.422934572692
0.483516483516	0.440218631044
0.4884004884	0.458308118519
0.493284493284	0.476245202438
0.498168498168	0.495270738868
0.503052503053	0.513947938648
0.507936507937	0.533169446083
0.512820512821	0.552848005848
0.517704517705	0.574202770572
0.522588522589	0.596036331209
0.527472527473	0.618392536202
0.532356532357	0.640313191594
0.537240537241	0.664671991672
0.542124542125	0.688290635746
0.547008547009	0.711560945402
0.551892551893	0.735527923895
0.556776556777	0.762607735939
0.561660561661	0.789665806631
0.566544566545	0.81759449259
0.571428571429	0.844369577805
0.576312576313	0.872211291665
0.581196581197	0.899726532883
0.586080586081	0.929026739344
0.590964590965	0.958022134231
0.595848595849	0.989803892257
0.600732600733	1.02195576843
0.605616605617	1.05395528341
0.610500610501	1.08510575946
0.615384615385	1.11906434222
0.620268620269	1.15415486466
0.625152625153	1.18948488541
0.630036630037	1.22333467221
0.634920634921	1.25944833613
0.639804639805	1.29264517987
0.644688644689	1.32801876807
0.649572649573	1.36356646327
0.654456654457	1.40329353815
0.659340659341	1.44558938423
0.664224664225	1.48938744871
0.669108669109	1.53259763807
0.673992673993	1.5771354549
0.678876678877	1.62019344365
0.683760683761	1.66864972609
0.688644688645	1.71867329486
0.693528693529	1.77115675414
0.698412698413	1.81991792397
0.703296703297	1.86941900896
0.708180708181	1.92107542041
0.713064713065	1.97479953504
0.717948717949	2.0284803253
0.722832722833	2.08433802058
0.727716727717	2.13494946446
0.732600732601	2.18344923183
0.737484737485	2.23399527994
0.742368742369	2.29163769515
0.747252747253	2.35012940354
0.752136752137	2.41332312258
0.757020757021	2.47738720935
0.761904761905	2.54369360584
0.766788766789	2.60758358785
0.771672771673	2.6741726286
0.776556776557	2.73919472646
0.781440781441	2.80315027373
0.786324786325	2.86514633396
0.791208791209	3.02794405857
0.796092796093	3.02118097932
0.800976800977	3.08837462547
0.805860805861	3.15905850686
0.810744810745	3.23956054118
0.815628815629	3.32049809387
0.820512820513	3.3953271272
0.825396825397	3.46731983844
0.830280830281	3.54236760105
0.835164835165	3.61610590938
0.840048840049	3.69311703943
0.844932844933	3.76336511252
0.849816849817	3.84015751328
0.854700854701	3.9226222683
0.859584859585	4.00421502761
0.864468864469	4.08842475528
0.869352869353	4.17743419478
0.874236874237	4.27189821819
0.879120879121	4.37661557839
0.884004884005	4.47391529946
0.888888888889	4.55485285215
0.893772893773	4.62597323317
0.898656898657	4.69731265569
0.903540903541	4.78719504984
0.908424908425	4.88362181625
0.913308913309	4.9793943127
0.918192918193	5.07364025356
0.923076923077	5.16897694171
0.927960927961	5.27543925227
0.932844932845	5.3664120592
0.937728937729	5.44735025862
0.942612942613	5.53374177081
0.947496947497	5.63998633333
0.952380952381	5.75430311717
0.957264957265	5.8609838448
0.962148962149	5.96308294317
0.967032967033	6.07412721751
0.971916971917	6.18822527206
0.976800976801	6.31192208122
0.981684981685	6.43627378478
0.986568986569	6.54775422423
0.991452991453	6.65901722786
0.996336996337	6.784895487
1.00122100122	6.92168293628
1.00610500611	7.0551966049
1.01098901099	7.18609330515
1.01587301587	7.31524472053
1.02075702076	7.42890660997
1.02564102564	7.5395147192
1.03052503053	7.64008596852
1.03540903541	7.75178513726
1.04029304029	7.88137334217
1.04517704518	8.03954044199
1.05006105006	8.19705135394
1.05494505495	8.3432201443
1.05982905983	8.46713503601
1.06471306471	8.59563285045
1.0695970696	8.72827418885
1.07448107448	8.85764368678
1.07936507937	8.98330386337
1.08424908425	9.12620016653
1.08913308913	9.26582331347
1.09401709402	9.42049917449
1.0989010989	9.57910177039
1.10378510379	9.75755808565
1.10866910867	9.93601442322
1.11355311355	10.1125067243
1.11843711844	10.2787453764
1.12332112332	10.4467292911
1.12820512821	10.6149306639
1.13308913309	10.7818242104
1.13797313797	10.9467537204
1.14285714286	11.1195380159
1.14774114774	11.2897027562
1.15262515263	11.4563782201
1.15750915751	11.6280721029
1.16239316239	11.811325543
1.16727716728	12.0057075493
1.17216117216	12.2031439603
1.17704517705	12.4071228033
1.18192918193	12.6004143968
1.18681318681	12.7690525815
1.1916971917	12.9616899496
1.19658119658	13.1453821418
1.20146520147	13.3166372725
1.20634920635	13.4806957681
1.21123321123	13.6545691606
1.21611721612	13.8476413782
1.221001221	14.0743109317
1.22588522589	14.3171248609
1.23076923077	14.5690994841
1.23565323565	14.7789703473
1.24053724054	14.9617902316
1.24542124542	15.1302103113
1.25030525031	15.2984123309
1.25518925519	15.4408705287
1.26007326007	15.5935836691
1.26495726496	15.7323358015
1.26984126984	15.9022824592
1.27472527473	16.0986284797
1.27960927961	16.3420953631
1.28449328449	16.6041081397
1.28937728938	16.8770249325
1.29426129426	17.1309648409
1.29914529915	17.3753066415
1.30402930403	17.5995747
1.30891330891	17.8268984789
1.3137973138	18.0328426295
1.31868131868	18.2453317546
1.32356532357	18.4604391638
1.32844932845	18.7270316293
1.33333333333	19.0653996826
1.33821733822	19.3906777424
1.3431013431	19.5737143935
1.34798534799	19.8027853974
1.35286935287	20.0440688907
1.35775335775	20.3049912544
1.36263736264	20.5558754648
1.36752136752	20.8028329403
1.37240537241	21.0602647343
1.37728937729	21.3181301065
1.38217338217	21.5524363406
1.38705738706	21.7810672991
1.39194139194	21.9957385208
1.39682539683	22.2215344507
1.40170940171	22.4324956151
1.40659340659	22.699960411
1.41147741148	23.0208782915
1.41636141636	23.3664442511
1.42124542125	23.6160213265
1.42612942613	23.7994941203
1.43101343101	24.0128568691
1.4358974359	24.3603882254
1.44078144078	24.7133715342
1.44566544567	24.9629459334
1.45054945055	25.1291850985
1.45543345543	25.2986982894
1.46031746032	25.5018034196
1.4652014652	25.7895599955
1.47008547009	26.0956407245
1.47496947497	26.3956122874
1.47985347985	26.6582767693
1.48473748474	26.9030559839
1.48962148962	27.13103265
1.49450549451	27.3635917483
1.49938949939	27.6284343796
1.50427350427	27.9591734461
1.50915750916	28.2890298346
1.51404151404	28.5892221785
1.51892551893	28.8342170448
1.52380952381	30.0874943843
1.52869352869	29.6322810027
1.53357753358	29.935754955
1.53846153846	30.2392313604
1.54334554335	30.4820193088
1.54822954823	30.6619379748
1.55311355311	30.8613643138
1.557997558	31.1236550291
1.56288156288	31.4878252437
1.56776556777	31.8845180592
1.57264957265	32.2898717338
1.57753357753	32.643205616
1.58241758242	32.9965446274
1.5873015873	33.3845582969
1.59218559219	33.7704092047
1.59706959707	34.0543781601
1.60195360195	34.3123355466
1.60683760684	34.5637845772
1.61172161172	34.8759323232
1.61660561661	35.1295516978
1.62148962149	35.3224797164
1.62637362637	35.6107815544
1.63125763126	36.13970345
1.63614163614	36.5385614803
1.64102564103	36.5689032556
1.64590964591	36.5147128961
1.65079365079	36.6296046472
1.65567765568	36.8615457817
1.66056166056	37.0718086762
1.66544566545	37.2452265685
1.67032967033	37.457659807
1.67521367521	37.7979867897
1.6800976801	38.2401932718
1.68498168498	38.6043739679
1.68986568987	38.959875518
1.69474969475	39.3262136235
1.69963369963	39.6860536316
1.70451770452	40.0090403861
1.7094017094	40.3341925785
1.71428571429	40.6311657572
1.71916971917	40.8934562494
1.72405372405	41.1340711777
1.72893772894	41.4202053478
1.73382173382	41.7215140853
1.73870573871	42.0054879469
1.74358974359	42.2894488739
1.74847374847	42.5950931702
1.75335775336	42.9245889498
1.75824175824	43.2800904999
1.76312576313	43.6009095865
1.76800976801	43.8848756427
1.77289377289	44.1233255793
1.77777777778	44.4051212914
1.78266178266	44.6934282587
1.78754578755	45.0597714935
1.79242979243	45.4087620115
1.79731379731	45.7686042496
1.8021978022	46.1414536103
1.80708180708	46.5056213717
1.81196581197	46.8654587037
1.81684981685	47.1992820136
1.82173382173	47.5569490015
1.82661782662	47.9688139313
1.8315018315	48.3026423705
1.83638583639	48.5801025239
1.84126984127	48.7708601984
1.84615384615	49.1111898572
1.85103785104	49.4601904107
1.85592185592	49.8048504992
1.86080586081	50.0909922517
1.86568986569	50.3619462792
1.87057387057	50.6090673333
1.87545787546	50.8973691713
1.88034188034	51.1726692392
1.88522588523	51.5043273344
1.89010989011	51.8294795268
1.89499389499	52.1459603785
1.89987789988	52.4407683424
1.90476190476	52.7529238938
1.90964590965	53.1040847558
1.91452991453	53.4509149653
1.91941391941	53.7869088423
1.9242979243	54.2377944704
1.92918192918	54.6344821567
1.93406593407	54.9336203271
1.93894993895	55.3151358991
1.94383394383	55.7790232974
1.94871794872	56.16703942
1.9536019536	56.5095342937
1.95848595849	56.8563698554
1.96336996337	57.133835138
1.96825396825	57.3310935861
1.97313797314	57.4719942298
1.97802197802	57.7256109283
1.98290598291	58.0746114818
1.98778998779	58.4864764115
1.99267399267	58.9156786703
1.99755799756	59.2603438879
2.00244200244	59.6266819935
2.00732600733	60.0363712269
2.01221001221	60.4525719385
2.01709401709	60.801572715
2.02197802198	61.1375612397
2.02686202686	61.3413258137
2.03174603175	61.4388751065
2.03663003663	61.5797757502
2.04151404151	61.8008827824
2.0463980464	61.9612910992
2.05128205128	62.2300850412
2.05616605617	62.5552372335
2.06105006105	62.9540901346
2.06593406593	63.3572837237
2.07081807082	63.5957334372
2.0757020757	63.66292802
2.08058608059	63.7799852088
2.08547008547	63.9729132274
2.09035409035	64.2872288643
2.09523809524	64.536510004
2.10012210012	64.7402694487
2.10500610501	64.8616621963
2.10989010989	65.03074676
2.11477411477	65.6788859299
2.11965811966	66.6413458661
2.12454212454	67.3306812077
2.12942612943	67.9181160869
2.13431013431	68.2346022909
2.13919413919	68.4253546132
2.14407814408	68.6421211803
2.14896214896	68.8155415258
2.15384615385	69.0041339855
2.15873015873	69.2815992681
2.16361416361	69.6436018148
2.1684981685	70.0706439881
2.17338217338	70.3806240662
2.17826617827	70.6082267428
2.18315018315	70.8076506286
2.18803418803	71.0005839994
2.19291819292	71.2000130146
2.1978021978	71.4384575988
2.20268620269	71.6292152733
2.20757020757	71.7614392242
2.21245421245	71.7657696537
2.21733821734	71.7939540197
2.22222222222	71.9326892256
2.22710622711	72.1884762681
2.23199023199	72.5829987396
2.23687423687	72.88213691
2.24175824176	73.168268404
2.24664224664	73.3915460033
2.25152625153	73.8099117066
2.25641025641	74.6141234115
2.26129426129	75.2839459508
2.26617826618	75.5765833477
2.27106227106	75.5549051076
2.27594627595	75.3749891178
2.28083028083	75.5093836356
2.28571428571	75.2861111656
2.2905982906	73.851102972
2.29548229548	73.4565753713
2.30036630037	74.3171504559
2.30525030525	75.3207963052
2.31013431013	76.1510269382
2.31501831502	76.3439498275
2.3199023199	76.1857120778
2.32478632479	76.5108589179
2.32967032967	76.7081124597
2.33455433455	76.7081227182
2.33943833944	76.2984230033
2.34432234432	75.9494327083
2.34920634921	76.3981428631
2.35409035409	77.1785111132
2.35897435897	77.61205406
2.36385836386	77.7767979356
2.36874236874	77.9588844924
2.37362637363	78.4054240802
2.37851037851	78.947347746
2.38339438339	79.5456245329
2.38827838828	80.2978188985
2.39316239316	80.6706682591
2.39804639805	80.5861258658
2.40293040293	80.5319328302
2.40781440781	80.6533204486
2.4126984127	80.8115635506
2.41758241758	80.6077936243
2.42246642247	80.332504038
2.42735042735	80.5059190313
2.43223443223	80.8766031771
2.43711843712	81.1757415706
2.442002442	81.2125867956
2.44688644689	81.0153281245
2.45177045177	80.8115635506
2.45665445665	80.7291915013
2.46153846154	80.6685030443
2.46642246642	80.6685030443
2.47130647131	80.6988367913
2.47619047619	80.7010073583
2.48107448107	80.8592555896
2.48595848596	81.3123013032
2.49084249084	81.9734420203
2.49572649573	82.6519408065
2.50061050061	83.1808575728
2.50549450549	83.6534111825
2.51037851038	83.9178695657
2.51526251526	84.0739474529
2.52014652015	84.2300199879
2.52503052503	84.4576280167
2.52991452991	84.5356642842
2.5347985348	84.3319048395
2.53968253968	83.9872344925
2.54456654457	83.8116594138
2.54945054945	83.7813047038
2.55433455433	83.8355079979
2.55921855922	83.9157043509
2.5641025641	84.0262605432
2.56898656899	84.2582094831
2.57387057387	84.4858019011
2.57875457875	84.7004081598
2.58363858364	85.0775933022
2.58852258852	85.5046249939
2.59340659341	85.7950869175
2.59829059829	85.9381681637
2.60317460317	85.9229909203
2.60805860806	85.8536101596
2.61294261294	85.6281778271
2.61782661783	85.3680550028
2.62271062271	85.1144383043
2.62759462759	84.9735430128
2.63247863248	84.9366875292
2.63736263736	84.9778734424
2.64224664225	85.0125534527
2.64713064713	85.1816433686
2.65201465201	85.4525922668
2.6568986569	85.766913033
2.66178266178	85.9208203532
2.66666666667	85.7972626138
2.67155067155	85.701883665
2.67643467643	85.7430539674
2.68131868132	85.9056431097
2.6862026862	86.1614406338
2.69108669109	86.2459776748
2.69597069597	86.1636007193
2.70085470085	86.0985764805
2.70573870574	86.2047866324
2.71062271062	86.3955391777
2.71550671551	86.6578426046
2.72039072039	86.89195163
2.72527472527	87.0241755808
2.73015873016	87.2084324817
2.73504273504	87.4273745222
2.73992673993	87.6723093985
2.74481074481	87.9302774896
2.74969474969	88.2489338146
2.75457875458	88.6196077019
2.75946275946	88.9555859682
2.76434676435	89.2547397494
2.76923076923	89.4584991941
2.77411477411	89.6124118666
2.778998779	89.7164670622
2.78388278388	89.6796013201
2.78876678877	89.4975147632
2.79365079365	89.4064818548
2.79853479853	89.6882829193
2.80341880342	90.3364272185
2.8083028083	91.1254511984
2.81318681319	91.3790781554
2.81807081807	90.7374451113
2.82295482295	89.9050441342
2.82783882784	89.7251384028
2.83272283272	90.0546158955
2.83760683761	90.3277558778
2.84249084249	90.4578146139
2.84737484737	90.6182178014
2.85225885226	90.7439563664
2.85714285714	90.6832471694
2.86202686203	90.6117065463
2.86691086691	90.6485620299
2.87179487179	90.787302365
2.87667887668	91.0149052646
2.88156288156	91.1796491402
2.88644688645	91.327060816
2.89133089133	91.4289458907
2.89621489621	91.5004760323
2.9010989011	91.5719959154
2.90598290598	91.61319231
2.91086691087	91.6262043388
2.91575091575	91.6392165905
2.92063492063	91.6847224517
2.92551892552	91.769264845
2.9304029304	91.897153237
2.93528693529	91.9881964039
2.94017094017	92.0965822521
2.94505494505	92.2721678124
2.94993894994	92.4650960539
2.95482295482	92.6666954131
2.95970695971	92.7794116909
2.96459096459	92.820597604
2.96947496947	92.8899574016
2.97435897436	92.9615085063
2.97924297924	93.0438700741
2.98412698413	93.0547117587
2.98901098901	93.0005135939
2.99389499389	92.8834668865
2.99877899878	92.7815820349
3.00366300366	92.7338848667
3.00854700855	92.7794116909
3.01343101343	92.9007990863
3.01831501832	93.1154002157
3.0231990232	93.2844850023
3.02808302808	93.3950411946
3.03296703297	93.4947557022
3.03785103785	93.609642324
3.04273504274	93.6963343213
3.04761904762	93.8805912222
3.0525030525	94.1103749473
3.05738705739	94.3076231369
3.06227106227	94.3509898756
3.06715506716	94.3206456472
3.07203907204	94.3293167648
3.07692307692	94.2859605076
3.08180708181	94.2404336834
3.08669108669	94.277289167
3.09157509158	94.3119743065
3.09645909646	94.3726627634
3.10134310134	94.5287355214
3.10622710623	94.7671903642
3.11111111111	94.8560736686
3.115995116	94.9948037453
3.12087912088	95.0901773418
3.12576312576	95.2440795327
3.13064713065	95.3806495238
3.13553113553	95.517219515
3.14041514042	95.549723829
3.1452991453	95.4326668631
3.15018315018	95.3719781832
3.15506715507	95.3719781832
3.15995115995	95.3849799534
3.16483516484	95.4023226347
3.16971916972	95.4976962312
3.1746031746	95.7144781861
3.17948717949	95.9789260877
3.18437118437	96.0959935351
3.18925518926	95.9572531999
3.19413919414	95.8965542614
3.19902319902	96.028793823
3.20390720391	96.3604519183
3.20879120879	96.8113168063
3.21367521368	97.1017994699
3.21855921856	96.5815435627
3.22344322344	95.9724148326
3.22832722833	95.8185231232
3.23321123321	95.8271944639
3.2380952381	95.9052253791
3.24297924298	96.0656388251
3.24786324786	96.1133257348
3.25274725275	96.0136112273
3.25763125763	95.866210033
3.26251526252	95.7643249584
3.2673992674	95.7946691868
3.27228327228	95.931239401
3.27716727717	96.0483068484
3.28205128205	96.122007334
3.28693528694	96.1805256699
3.29181929182	96.1371691897
3.2967032967	96.0656388251
3.30158730159	96.08948228
3.30647130647	96.1458507889
3.31135531136	96.2021985577
3.31623931624	96.2303829237
3.32112332112	96.2433949524
3.32600732601	96.247725382
3.33089133089	96.3539511447
3.33577533578	96.3994572288
3.34065934066	96.3322572938
3.34554334554	96.1501812184
3.35042735043	96.0829710249
3.35531135531	96.1891967875
3.3601953602	96.4319718014
3.36507936508	96.6053974991
3.36996336996	96.7007606141
3.37484737485	96.6704268671
3.37973137973	96.6249000429
3.38461538462	96.7224439834
3.3894993895	96.9002001107
3.39438339438	97.0627839008
3.39926739927	97.1863418632
3.40415140415	97.364087509
3.40903540904	97.4833045604
3.41391941392	97.5309914702
3.4188034188	97.5938607526
3.42368742369	97.6090433484
3.42857142857	97.6588901207
3.43345543346	97.7174187151
3.43833943834	97.8193035667
3.44322344322	97.6242154626
3.44810744811	96.8351707427
3.45299145299	96.3170956611
3.45787545788	96.4514953082
3.46275946276	96.4905003958
3.46764346764	96.4688272849
3.47252747253	96.4991819949
3.47741147741	96.5468689047
3.4822954823	96.598886244
3.48717948718	96.6986007516
3.49206349206	96.8286697461
3.49694749695	96.8936888556
3.50183150183	96.8351707427
3.50671550672	96.854683768
3.5115995116	96.9673895643
3.51648351648	96.9435461094
3.52136752137	96.7354457536
3.52625152625	96.7961446921
3.53113553114	97.8778321611
3.53601953602	98.3005231648
3.5409035409	97.9840371838
3.54578754579	97.615544122
3.55067155067	97.3705987642
3.55555555556	97.3792698818
3.56043956044	97.394442219
3.56532356532	97.2145157477
3.57020757021	97.2622026574
3.57509157509	97.4291168771
3.57997557998	97.6415476624
3.58485958486	97.9515328698
3.58974358974	98.0295742665
3.59462759463	97.9385310996
3.59951159951	97.9580231619
3.6043956044	98.0490768103
3.60927960928	98.1032749752
3.61416361416	98.0664194916
3.61904761905	97.9580231619
3.62393162393	97.8041314525
3.62881562882	97.6458883505
3.6336996337	97.4941462451
3.63858363858	97.3445849652
3.64346764347	97.0996291259
3.64835164835	96.9262139096
3.65323565324	96.945726935
3.65811965812	97.1256324433
3.663003663	97.4204352779
3.66788766789	97.8193035667
3.67277167277	98.3330482188
3.67765567766	98.5953257764
3.68253968254	98.4089192715
3.68742368742	98.1357895477
3.69230769231	97.964534417
3.69719169719	97.715248148
3.70207570208	97.4117741958
3.70695970696	97.520160044
3.71184371184	97.7629350578
3.71672771673	97.9168477302
3.72161172161	98.0382351256
3.7264957265	98.2008191387
3.73137973138	98.4674478659
3.73626373626	98.7318957675
3.74114774115	98.8706363257
3.74603174603	98.7665913886
3.75091575092	98.6191899713
3.7557997558	98.6712175691
3.76068376068	98.9183230125
3.76556776557	99.2282979614
3.77045177045	99.5339527392
3.77533577534	99.8569394938
3.78021978022	100.0
