V	%
0.029304029304	0.0
0.034188034188	0.000153420282073
0.039072039072	0.000119325217113
0.043956043956	6.32643801211e-06
0.04884004884	1.31718679266e-05
0.0537240537241	3.71271851763e-05
0.0586080586081	3.33592303385e-05
0.0634920634921	4.33506941487e-05
0.0683760683761	5.23087636029e-05
0.0732600732601	7.00521729866e-05
0.0781440781441	9.26190842113e-05
0.0830280830281	0.000132585250305
0.0879120879121	0.000185815605941
0.0927960927961	0.000251277128739
0.0976800976801	0.000327936115235
0.102564102564	0.000418031896806
0.107448107448	0.000521736766386
0.112332112332	0.000638533654819
0.117216117216	0.000767561773283
0.1221001221	0.000912093908632
0.126984126984	0.00107833167391
0.131868131868	0.00125766156981
0.136752136752	0.00146283154624
0.141636141636	0.00168040522376
0.14652014652	0.0019319153945
0.151404151404	0.00220306402226
0.156288156288	0.00250470373863
0.161172161172	0.00284424203254
0.166056166056	0.00322994777029
0.17094017094	0.00365579235825
0.175824175824	0.00411298894065
0.180708180708	0.00460274490224
0.185592185592	0.00514366329737
0.190476190476	0.00572110341797
0.19536019536	0.00635935148089
0.200244200244	0.00703980740063
0.205128205128	0.00779054606425
0.210012210012	0.00858452645056
0.214896214896	0.0094217436348
0.21978021978	0.0103163285958
0.224664224664	0.0112977335793
0.229548229548	0.01233736501
0.234432234432	0.0134438365044
0.239316239316	0.0146524621586
0.2442002442	0.0159365434835
0.249084249084	0.0172719569713
0.253968253968	0.018709353964
0.258852258852	0.0202294382225
0.263736263736	0.0226605297923
0.26862026862	0.0236803877196
0.273504273504	0.0254274951349
0.278388278388	0.0272618743748
0.283272283272	0.02928618973
0.288156288156	0.0314234397518
0.29304029304	0.0337010051818
0.297924297924	0.0360453153064
0.302808302808	0.0385436239626
0.307692307692	0.041117226646
0.312576312576	0.043831148405
0.31746031746	0.0466117991413
0.322344322344	0.0497192924955
0.327228327228	0.0528815386013
0.332112332112	0.0562217431996
0.336996336996	0.0596389488974
0.34188034188	0.0632734752942
0.346764346764	0.0670363410482
0.351648351648	0.0710062588716
0.356532356532	0.0750959670689
0.361416361416	0.079479989206
0.3663003663	0.0839084998311
0.371184371184	0.0885355097004
0.376068376068	0.093290846877
0.380952380952	0.0983439446204
0.385836385836	0.103520239722
0.39072039072	0.108918993505
0.395604395604	0.114630874824
0.400488400488	0.120549824105
0.405372405372	0.126513237948
0.410256410256	0.132810363913
0.41514041514	0.139300834724
0.420024420024	0.146107887731
0.424908424908	0.15307578869
0.429792429792	0.160254140845
0.434676434676	0.167531746639
0.43956043956	0.17541511862
0.444444444444	0.183495265658
0.449328449328	0.191970711273
0.454212454212	0.200545394111
0.459096459096	0.209491424121
0.46398046398	0.218370681843
0.468864468864	0.235258104909
0.473748473748	0.238309391488
0.478632478632	0.247974766936
0.483516483516	0.258151483458
0.4884004884	0.268737348982
0.493284493284	0.27947661351
0.498168498168	0.290795419927
0.503052503053	0.302165403587
0.507936507937	0.314132017323
0.512820512821	0.32618386243
0.517704517705	0.338934625736
0.522588522589	0.351804702484
0.527472527473	0.365049781548
0.532356532357	0.37836309286
0.537240537241	0.39257983575
0.542124542125	0.407239748588
0.547008547009	0.422291814799
0.551892551893	0.437872184533
0.556776556777	0.453878857817
0.561660561661	0.469834355605
0.566544566545	0.486846682228
0.571428571429	0.503518093845
0.576312576313	0.521212346531
0.581196581197	0.538548562843
0.586080586081	0.556737129539
0.590964590965	0.574806443917
0.595848595849	0.593608606631
0.600732600733	0.612513120338
0.605616605617	0.632014265867
0.610500610501	0.651941522846
0.615384615385	0.672755311823
0.620268620269	0.693909952938
0.625152625153	0.715269166806
0.630036630037	0.73693518043
0.634920634921	0.76028880489
0.639804639805	0.783915236099
0.644688644689	0.807592813117
0.649572649573	0.831952153785
0.654456654457	0.856652348337
0.659340659341	0.88121639099
0.664224664225	0.907655403309
0.669108669109	0.934605851007
0.673992673993	0.962169959337
0.678876678877	0.990074980928
0.683760683761	1.01844029558
0.688644688645	1.04718064224
0.693528693529	1.07742111516
0.698412698413	1.10699659654
0.703296703297	1.13831095854
0.708180708181	1.170426464
0.713064713065	1.20349660623
0.717948717949	1.23610652175
0.722832722833	1.27038695817
0.727716727717	1.30434350491
0.732600732601	1.34027730943
0.737484737485	1.37609192626
0.742368742369	1.41234974446
0.747252747253	1.44862458973
0.752136752137	1.4864336154
0.757020757021	1.52487339163
0.761904761905	1.56457466725
0.766788766789	1.60541787385
0.771672771673	1.64574989829
0.776556776557	1.68563846812
0.781440781441	1.72653300913
0.786324786325	1.7683649136
0.791208791209	1.81130481192
0.796092796093	1.85612018461
0.800976800977	1.90178741696
0.805860805861	1.9475231243
0.810744810745	1.99545769798
0.815628815629	2.04160254384
0.820512820513	2.08936672463
0.825396825397	2.13793191091
0.830280830281	2.18842365275
0.835164835165	2.23946076709
0.840048840049	2.37028542944
0.844932844933	2.35491007778
0.849816849817	2.40257412197
0.854700854701	2.45485063195
0.859584859585	2.50781047731
0.864468864469	2.56401632725
0.869352869353	2.62124734618
0.874236874237	2.67881990181
0.879120879121	2.73980950109
0.884004884005	2.80079857645
0.888888888889	2.86042119061
0.893772893773	2.92226491981
0.898656898657	2.98462070086
0.903540903541	3.04783138024
0.908424908425	3.11565452541
0.913308913309	3.18347714667
0.918192918193	3.25095821375
0.923076923077	3.31826825925
0.927960927961	3.38575009474
0.932844932845	3.45698975963
0.937728937729	3.53079179685
0.942612942613	3.6018606672
0.947496947497	3.67515039062
0.952380952381	3.75219867693
0.957264957265	3.8271969047
0.962148962149	3.90561166967
0.967032967033	3.98573492153
0.971916971917	4.06859186417
0.976800976801	4.15059415298
0.981684981685	4.23225490507
0.986568986569	4.31630751437
0.991452991453	4.40087271688
0.996336996337	4.48782927014
1.00122100122	4.5741032215
1.00610500611	4.66276854107
1.01098901099	4.75160413128
1.01587301587	4.84266081906
1.02075702076	4.93884329933
1.02564102564	5.03382983353
1.03052503053	5.12830304104
1.03540903541	5.22738970977
1.04029304029	5.32784257774
1.04517704518	5.42675846938
1.05006105006	5.52686980063
1.05494505495	5.62886015138
1.05982905983	5.73153411692
1.06471306471	5.83677071674
1.0695970696	5.94115344859
1.07448107448	6.04587722817
1.07936507937	6.15435957063
1.08424908425	6.26335475081
1.08913308913	6.37422896793
1.09401709402	6.48476164834
1.0989010989	6.59631895635
1.10378510379	6.7131728514
1.10866910867	6.82917235456
1.11355311355	6.94722167175
1.11843711844	7.06851723803
1.12332112332	7.19596275288
1.12820512821	7.32169948395
1.13308913309	7.45119428892
1.13797313797	7.57966596816
1.14285714286	7.71274857639
1.14774114774	7.84292800906
1.15262515263	7.97532750893
1.15750915751	8.10636133348
1.16239316239	8.2382485021
1.16727716728	8.36996491109
1.17216117216	8.50697788965
1.17704517705	8.65287372169
1.18192918193	8.80116141094
1.18681318681	8.9455202492
1.1916971917	9.09842091068
1.19658119658	9.25063745091
1.20146520147	9.40883415805
1.20634920635	9.56156404244
1.21123321123	9.71361081848
1.21611721612	9.86377703823
1.221001221	10.014457615
1.22588522589	10.1685547115
1.23076923077	10.3214543427
1.23565323565	10.4825542254
1.24053724054	10.6451921148
1.24542124542	10.8103946817
1.25030525031	10.9743987703
1.25518925519	11.1416506274
1.26007326007	11.3179545782
1.26495726496	11.4983602004
1.26984126984	11.6770580516
1.27472527473	11.8591703969
1.27960927961	12.0481188377
1.28449328449	12.2263033622
1.28937728938	12.4051709777
1.29426129426	12.5795984413
1.29914529915	12.7733285882
1.30402930403	12.9621052215
1.30891330891	13.1607919031
1.3137973138	13.3637469467
1.31868131868	13.5619192712
1.32356532357	13.7588971865
1.32844932845	13.9550202035
1.33333333333	14.1589998921
1.33821733822	14.3681058971
1.3431013431	14.5703798755
1.34798534799	14.7786309821
1.35286935287	14.9771458563
1.35775335775	15.1842025537
1.36263736264	15.3909176969
1.36752136752	15.6029268775
1.37240537241	15.8169884043
1.37728937729	16.0330982083
1.38217338217	16.2562148851
1.38705738706	16.4641254504
1.39194139194	16.6968075651
1.39682539683	16.9132599362
1.40170940171	17.1606327749
1.40659340659	17.3977580976
1.41147741148	17.628560599
1.41636141636	17.8656859566
1.42124542125	18.0944371421
1.42612942613	18.3416402515
1.43101343101	18.597729742
1.4358974359	18.8568910895
1.44078144078	19.1092196072
1.44566544567	19.3579595182
1.45054945055	19.6008911921
1.45543345543	19.8665441297
1.46031746032	20.132542673
1.4652014652	20.3958027405
1.47008547009	20.64796221
1.47496947497	20.9284767185
1.47985347985	21.1990861908
1.48473748474	21.4608091073
1.48962148962	21.7457698625
1.49450549451	22.0613093041
1.49938949939	22.3459263745
1.50427350427	23.4907804167
1.50915750916	23.0969608375
1.51404151404	23.3413989263
1.51892551893	23.6163916016
1.52380952381	23.9015697793
1.52869352869	24.1748669082
1.53357753358	24.4855088421
1.53846153846	24.7774753174
1.54334554335	25.0151231876
1.54822954823	25.3189728074
1.55311355311	25.6092456573
1.557997558	25.9198835746
1.56288156288	26.2373097895
1.56776556777	26.534377224
1.57264957265	26.8874526975
1.57753357753	27.2014899154
1.58241758242	27.4968515
1.5873015873	27.8787860137
1.59218559219	28.2047021847
1.59706959707	28.556082112
1.60195360195	28.859937844
1.60683760684	29.1620877261
1.61172161172	29.5134718446
1.61660561661	29.8156177101
1.62148962149	30.1568142305
1.62637362637	30.5031054232
1.63125763126	30.8459974899
1.63614163614	31.1990729635
1.64102564103	31.5521505327
1.64590964591	31.9120184951
1.65079365079	32.2922553669
1.65567765568	32.6623107528
1.66056166056	33.0408501572
1.66544566545	33.3854396913
1.67032967033	33.7198479141
1.67521367521	34.1306393723
1.6800976801	34.5312451534
1.68498168498	34.9046897109
1.68986568987	35.2764427388
1.69474969475	35.6159437129
1.69963369963	35.9520413698
1.70451770452	36.3153044415
1.7094017094	36.6870574693
1.71428571429	37.0588063059
1.71916971917	37.4475312128
1.72405372405	37.7819333234
1.72893772894	38.1502910673
1.73382173382	38.4863969321
1.73870573871	38.8547466428
1.74358974359	39.18915277
1.74847374847	39.5609057979
1.75335775336	39.9224693066
1.75824175824	40.2738511549
1.76312576313	40.647299729
1.76800976801	41.0309297891
1.77289377289	41.417955133
1.77777777778	41.784613314
1.78266178266	42.1716425
1.78754578755	42.5467866205
1.79242979243	42.9219349323
1.79731379731	43.3004701454
1.8021978022	43.689199069
1.80708180708	44.0999903526
1.81196581197	44.5039914176
1.81684981685	44.902901827
1.82173382173	45.3204835037
1.82661782662	45.7363698088
1.8315018315	46.1369797812
1.83638583639	46.5477710648
1.84126984127	46.9534678507
1.84615384615	47.3761401831
1.85103785104	47.7750546092
1.85592185592	48.1671706087
1.86080586081	48.5643894885
1.86568986569	48.9989430443
1.87057387057	49.4267102236
1.87545787546	49.8595682331
1.88034188034	50.2958255431
1.88522588523	50.7252882687
1.89010989011	51.1751179826
1.89499389499	51.6283511884
1.89987789988	52.0764935639
1.90476190476	52.5263272945
1.90964590965	52.9744616367
1.91452991453	53.4090151926
1.91941391941	53.8350868255
1.9242979243	54.2866202937
1.92918192918	54.7228776037
1.93406593407	55.1506407664
1.93894993895	55.5902931857
1.94383394383	56.0282458675
1.94871794872	56.4424326096
1.9536019536	56.8583187401
1.95848595849	57.3319147429
1.96336996337	57.7783573808
1.96825396825	58.2146106742
1.97313797314	58.6576582029
1.97802197802	59.1108832007
1.98290598291	59.5488400737
1.98778998779	60.0156416667
1.99267399267	60.4671791515
1.99755799756	60.9254988216
2.00244200244	61.3736331638
2.00732600733	61.8268621783
2.01221001221	62.3225287491
2.01709401709	62.7774533099
2.02197802198	63.2323860786
2.02686202686	63.7093771907
2.03174603175	64.1575195662
2.03663003663	64.6107445641
2.04151404151	65.0758546274
2.0463980464	65.5324829424
2.05128205128	65.9568550124
2.05616605617	66.3981947702
2.06105006105	66.8208712938
2.06593406593	67.2248765501
2.07081807082	67.6356760416
2.0757020757	68.0566407777
2.08058608059	68.4844121483
2.08547008547	68.8748364435
2.09035409035	69.2788416998
2.09523809524	69.6981108896
2.10012210012	70.1275858398
2.10500610501	70.5332824511
2.10989010989	70.9576505045
2.11477411477	71.3548571596
2.11965811966	71.7792332462
2.12454212454	72.1747565796
2.12942612943	72.6110056818
2.13431013431	73.0099118999
2.13919413919	73.4291973309
2.14407814408	73.8569646848
2.14896214896	74.2643608591
2.15384615385	74.6615675143
2.15873015873	75.0961332947
2.16361416361	75.4899570651
2.1684981685	75.8820728901
2.17338217338	76.272489152
2.17826617827	76.6595225292
2.18315018315	77.0295759942
2.18803418803	77.3775587165
2.19291819292	77.7425133179
2.1978021978	78.1023852969
2.20268620269	78.4656483686
2.20757020757	78.8136310909
2.21245421245	79.154831628
2.21733821734	79.4943243942
2.22222222222	79.7981740139
2.22710622711	80.1105135898
2.23199023199	80.4211453948
2.23687423687	80.7250112558
2.24175824176	81.062804459
2.24664224664	81.3700532046
2.25152625153	81.6874754028
2.25641025641	81.9947241485
2.26129426129	82.3053721947
2.26617826618	82.6024315959
2.27106227106	82.9351421768
2.27594627595	83.2338927583
2.28083028083	83.5530227275
2.28571428571	83.8382009052
2.2905982906	84.1488327102
2.29548229548	84.4611722861
2.30036630037	84.7769191958
2.30525030525	85.079069078
2.31013431013	85.3472673434
2.31501831502	85.6375363513
2.3199023199	85.9227225623
2.32478632479	86.1654591672
2.32967032967	86.4489376073
2.33455433455	86.7205433812
2.33943833944	86.9785601607
2.34432234432	87.2552483823
2.34920634921	87.5132569539
2.35409035409	87.7593926846
2.35897435897	87.9936555745
2.36385836386	88.2516641461
2.36874236874	88.5164795268
2.37362637363	88.7439356076
2.37851037851	88.9544363998
2.38339438339	89.119087936
2.38827838828	89.3159917006
2.39316239316	89.4925405268
2.39804639805	89.7149141599
2.40293040293	89.9304811586
2.40781440781	90.140973743
2.4126984127	90.34807506
2.41758241758	90.5653498296
2.42246642247	90.7401910595
2.42735042735	90.9320122018
2.43223443223	91.1136436504
2.43711843712	91.3088396441
2.442002442	91.5057596499
2.44688644689	91.6415584329
2.45177045177	91.768875293
2.45665445665	91.943716523
2.46153846154	92.1304305938
2.46642246642	92.2916910374
2.47130647131	92.3867478104
2.47619047619	92.5344438834
2.48107448107	92.6328835411
2.48595848596	92.8060332414
2.49084249084	92.9622030294
2.49572649573	93.0691406766
2.50061050061	93.2015403336
2.50549450549	93.3152764073
2.51037851038	93.4290208635
2.51526251526	93.522377899
2.52014652015	93.6836383425
2.52503052503	93.7922757273
2.52991452991	93.9229838547
2.5347985348	94.0027683116
2.53968253968	94.1538392361
2.54456654457	94.2353152227
2.54945054945	94.3643318204
2.55433455433	94.4356263211
2.55921855922	94.5493543615
2.5641025641	94.6376287747
2.56898656899	94.7445748044
2.57387057387	94.7903994367
2.57875457875	94.805679786
2.58363858364	94.8837645054
2.58852258852	95.0687954291
2.59340659341	95.0518073089
2.59829059829	95.1536625084
2.60317460317	95.3030419031
2.60805860806	95.3369936945
2.61294261294	95.4133788509
2.61782661783	95.4541128276
2.62271062271	95.5389881147
2.62759462759	95.6459257619
2.63247863248	95.7342003497
2.63736263736	95.849627953
2.64224664225	96.0159872601
2.64713064713	96.082183072
2.65201465201	96.1738485777
2.6568986569	96.2417439526
2.66178266178	96.2230805439
2.66666666667	96.3334176663
2.67155067155	96.387740288
2.67643467643	96.5065591586
2.68131868132	96.5829362817
2.6862026862	96.754394627
2.69108669109	96.7442131411
2.69597069597	96.8647315747
2.70085470085	96.9139555076
2.70573870574	96.978467823
2.71062271062	97.0124114065
2.71550671551	97.1295387475
2.72039072039	97.1770711506
2.72527472527	97.2110147341
2.73015873016	97.234784865
2.73504273504	97.2874080984
2.73992673993	97.3960454832
2.74481074481	97.3570030362
2.74969474969	97.407926532
2.75457875458	97.3620856585
2.75946275946	97.428289329
2.76434676435	97.5454330858
2.76923076923	97.6252093349
2.77411477411	97.6642437486
2.778998779	97.8509740606
2.78388278388	97.9171779058
2.78876678877	97.9137705719
2.79365079365	97.9664098719
2.79853479853	98.0580673444
2.80341880342	98.0971097914
2.8083028083	98.1870677009
2.81318681319	98.1548154724
2.81807081807	98.1819850785
2.82295482295	98.254971109
2.82783882784	98.312684998
2.83272283272	98.4162397605
2.83760683761	98.4824353977
2.84249084249	98.5197782817
2.84737484737	98.4603728631
2.85225885226	98.4383022951
2.85714285714	98.5197782817
2.86202686203	98.5333588935
2.86691086691	98.5723933072
2.87179487179	98.616542651
2.87667887668	98.5995545308
2.88156288156	98.6080526948
2.88644688645	98.6301314707
2.89133089133	98.7489421334
2.89621489621	98.7251718279
2.9010989011	98.8151459786
2.90598290598	98.889831572
2.91086691087	98.9441625763
2.91575091575	98.9899872086
2.92063492063	99.0103582135
2.92551892552	99.1105056422
2.9304029304	99.1699190941
2.93528693529	99.2021793558
2.94017094017	99.1546469527
2.94505494505	99.1902900991
2.94993894994	99.159729575
2.95482295482	99.1427576959
2.95970695971	99.1342759477
2.96459096459	99.0782453805
2.96947496947	99.0494006605
2.97435897436	99.0850438069
2.97924297924	99.0799531513
2.98412698413	99.141058133
2.98901098901	99.2174514973
2.99389499389	99.2802642498
2.99877899878	99.3209982265
3.00366300366	99.3091089697
3.00854700855	99.3243893191
3.01343101343	99.3311795377
3.01831501832	99.3294799747
3.0231990232	99.3006270469
3.02808302808	99.315899363
3.03296703297	99.317590718
3.03785103785	99.3057259104
3.04273504274	99.3464598871
3.04761904762	99.3464598871
3.0525030525	99.3990749125
3.05738705739	99.4092644317
3.06227106227	99.4330347372
3.06715506716	99.4958392818
3.07203907204	99.4788593695
3.07692307692	99.5111114233
3.08180708181	99.5060207676
3.08669108669	99.5145107238
3.09157509158	99.5331821658
3.09645909646	99.6248476716
3.10134310134	99.7029407735
3.10622710623	99.7894993824
3.11111111111	99.8709834023
3.115995116	99.8675842764
3.12087912088	99.9219068981
3.12576312576	99.8879552814
3.13064713065	99.9320965919
3.13553113553	99.9677397383
3.14041514042	99.9626408748
3.1452991453	99.9575582525
3.15018315018	99.8964370296
3.15506715507	99.9202155431
3.15995115995	99.8879552814
3.16483516484	99.9235984278
3.16971916972	99.9270057616
3.1746031746	99.9660401753
3.17948717949	99.9660401753
3.18437118437	100.0
